0	0	0	0	0	0	0	0	0	0	0	0	0	0	0	0	0	0	0	0	0	0	0	0	0	0	0	0	0	0	0	0	0	0	0	0	0	0	0	0	0	0	0	0	0	0	0	0	0	0	0	0	0	0	0	0	0	0	0	0	
0	0.0235351	0.0462128	0.0672681	0.0861043	0.10234	0.115824	0.126612	0.134928	0.141102	0.145518	0.148559	0.150577	0.151866	0.152658	0.153127	0.153395	0.153541	0.153618	0.153658	0.153677	0.153686	0.15369	0.153692	0.153692	0.153693	0.153693	0.153693	0.153693	0.153693	0.153693	0.153693	0.153693	0.153693	0.153693	0.153692	0.153692	0.15369	0.153686	0.153677	0.153658	0.153618	0.153541	0.153395	0.153127	0.152658	0.151866	0.150577	0.148559	0.145518	0.141102	0.134928	0.126612	0.115824	0.10234	0.0861043	0.0672681	0.0462128	0.0235351	0	
0	0.0462128	0.0907417	0.132084	0.169068	0.200945	0.227418	0.248597	0.26492	0.277039	0.285706	0.291675	0.295634	0.298162	0.299717	0.300637	0.301161	0.301449	0.3016	0.301677	0.301714	0.301732	0.30174	0.301743	0.301745	0.301745	0.301746	0.301746	0.301746	0.301746	0.301746	0.301746	0.301746	0.301746	0.301745	0.301745	0.301743	0.30174	0.301732	0.301714	0.301677	0.3016	0.301449	0.301161	0.300637	0.299717	0.298162	0.295634	0.291675	0.285706	0.277039	0.26492	0.248597	0.227418	0.200945	0.169068	0.132084	0.0907417	0.0462128	0	
0	0.0672681	0.132084	0.19226	0.246089	0.292483	0.331007	0.361825	0.385575	0.403206	0.415812	0.424492	0.430249	0.433924	0.436184	0.437521	0.438282	0.4387	0.43892	0.439031	0.439086	0.439111	0.439123	0.439128	0.43913	0.43913	0.439131	0.439131	0.439131	0.439131	0.439131	0.439131	0.439131	0.439131	0.43913	0.43913	0.439128	0.439123	0.439111	0.439086	0.439031	0.43892	0.4387	0.438282	0.437521	0.436184	0.433924	0.430249	0.424492	0.415812	0.403206	0.385575	0.361825	0.331007	0.292483	0.246089	0.19226	0.132084	0.0672681	0	
0	0.0861043	0.169068	0.246089	0.314982	0.374355	0.423651	0.463081	0.493463	0.516013	0.532134	0.543232	0.55059	0.555287	0.558173	0.55988	0.560853	0.561385	0.561666	0.561808	0.561877	0.56191	0.561925	0.561931	0.561933	0.561935	0.561935	0.561935	0.561935	0.561935	0.561935	0.561935	0.561935	0.561935	0.561935	0.561933	0.561931	0.561925	0.56191	0.561877	0.561808	0.561666	0.561385	0.560853	0.55988	0.558173	0.555287	0.55059	0.543232	0.532134	0.516013	0.493463	0.463081	0.423651	0.374355	0.314982	0.246089	0.169068	0.0861043	0	
0	0.10234	0.200945	0.292483	0.374355	0.444905	0.503474	0.550315	0.586401	0.613179	0.632317	0.645489	0.65422	0.659791	0.663214	0.665238	0.66639	0.66702	0.667353	0.667521	0.667603	0.667641	0.667659	0.667666	0.667669	0.66767	0.667671	0.667671	0.667671	0.667671	0.667671	0.667671	0.667671	0.667671	0.66767	0.667669	0.667666	0.667659	0.667641	0.667603	0.667521	0.667353	0.66702	0.66639	0.665238	0.663214	0.659791	0.65422	0.645489	0.632317	0.613179	0.586401	0.550315	0.503474	0.444905	0.374355	0.292483	0.200945	0.10234	0	
0	0.115824	0.227418	0.331007	0.423651	0.503474	0.569733	0.622714	0.663523	0.693799	0.715431	0.730317	0.740179	0.746471	0.750335	0.752618	0.753918	0.754629	0.755003	0.755193	0.755285	0.755328	0.755348	0.755356	0.755359	0.755361	0.755361	0.755362	0.755362	0.755362	0.755362	0.755362	0.755362	0.755361	0.755361	0.755359	0.755356	0.755348	0.755328	0.755285	0.755193	0.755003	0.754629	0.753918	0.752618	0.750335	0.746471	0.740179	0.730317	0.715431	0.693799	0.663523	0.622714	0.569733	0.503474	0.423651	0.331007	0.227418	0.115824	0	
0	0.126612	0.248597	0.361825	0.463081	0.550315	0.622714	0.680596	0.725171	0.758232	0.781849	0.798096	0.808857	0.815719	0.819931	0.82242	0.823835	0.824609	0.825017	0.825223	0.825323	0.82537	0.825391	0.8254	0.825404	0.825406	0.825406	0.825407	0.825407	0.825407	0.825407	0.825407	0.825407	0.825406	0.825406	0.825404	0.8254	0.825391	0.82537	0.825323	0.825223	0.825017	0.824609	0.823835	0.82242	0.819931	0.815719	0.808857	0.798096	0.781849	0.758232	0.725171	0.680596	0.622714	0.550315	0.463081	0.361825	0.248597	0.126612	0	
0	0.134928	0.26492	0.385575	0.493463	0.586401	0.663523	0.725171	0.772635	0.807833	0.83297	0.850256	0.861703	0.869	0.873477	0.876122	0.877625	0.878447	0.878879	0.879097	0.879204	0.879254	0.879276	0.879286	0.87929	0.879291	0.879292	0.879292	0.879292	0.879292	0.879292	0.879292	0.879292	0.879292	0.879291	0.87929	0.879286	0.879276	0.879254	0.879204	0.879097	0.878879	0.878447	0.877625	0.876122	0.873477	0.869	0.861703	0.850256	0.83297	0.807833	0.772635	0.725171	0.663523	0.586401	0.493463	0.385575	0.26492	0.134928	0	
0	0.141102	0.277039	0.403206	0.516013	0.613179	0.693799	0.758232	0.807833	0.844607	0.870864	0.888915	0.900865	0.90848	0.913152	0.91591	0.917476	0.918333	0.918783	0.919011	0.919121	0.919173	0.919196	0.919206	0.91921	0.919212	0.919213	0.919213	0.919213	0.919213	0.919213	0.919213	0.919213	0.919213	0.919212	0.91921	0.919206	0.919196	0.919173	0.919121	0.919011	0.918783	0.918333	0.917476	0.91591	0.913152	0.90848	0.900865	0.888915	0.870864	0.844607	0.807833	0.758232	0.693799	0.613179	0.516013	0.403206	0.277039	0.141102	0	
0	0.145518	0.285706	0.415812	0.532134	0.632317	0.715431	0.781849	0.83297	0.870864	0.897914	0.916507	0.928812	0.936652	0.941459	0.944297	0.945908	0.946788	0.947251	0.947485	0.947598	0.947651	0.947675	0.947686	0.94769	0.947692	0.947692	0.947692	0.947692	0.947692	0.947692	0.947692	0.947692	0.947692	0.947692	0.94769	0.947686	0.947675	0.947651	0.947598	0.947485	0.947251	0.946788	0.945908	0.944297	0.941459	0.936652	0.928812	0.916507	0.897914	0.870864	0.83297	0.781849	0.715431	0.632317	0.532134	0.415812	0.285706	0.145518	0	
0	0.148559	0.291675	0.424492	0.543232	0.645489	0.730317	0.798096	0.850256	0.888915	0.916507	0.935469	0.948015	0.956007	0.960906	0.963797	0.965438	0.966335	0.966806	0.967044	0.967159	0.967213	0.967237	0.967248	0.967252	0.967254	0.967254	0.967255	0.967255	0.967255	0.967255	0.967255	0.967255	0.967254	0.967254	0.967252	0.967248	0.967237	0.967213	0.967159	0.967044	0.966806	0.966335	0.965438	0.963797	0.960906	0.956007	0.948015	0.935469	0.916507	0.888915	0.850256	0.798096	0.730317	0.645489	0.543232	0.424492	0.291675	0.148559	0	
0	0.150577	0.295634	0.430249	0.55059	0.65422	0.740179	0.808857	0.861703	0.900865	0.928812	0.948015	0.960719	0.968809	0.973768	0.976694	0.978354	0.979261	0.979737	0.979978	0.980095	0.980149	0.980173	0.980184	0.980188	0.98019	0.980191	0.980191	0.980191	0.980191	0.980191	0.980191	0.980191	0.980191	0.98019	0.980188	0.980184	0.980173	0.980149	0.980095	0.979978	0.979737	0.979261	0.978354	0.976694	0.973768	0.968809	0.960719	0.948015	0.928812	0.900865	0.861703	0.808857	0.740179	0.65422	0.55059	0.430249	0.295634	0.150577	0	
0	0.151866	0.298162	0.433924	0.555287	0.659791	0.746471	0.815719	0.869	0.90848	0.936652	0.956007	0.968809	0.976961	0.981958	0.984904	0.986577	0.98749	0.987969	0.988211	0.988329	0.988384	0.988408	0.988419	0.988423	0.988425	0.988426	0.988426	0.988426	0.988426	0.988426	0.988426	0.988426	0.988426	0.988425	0.988423	0.988419	0.988408	0.988384	0.988329	0.988211	0.987969	0.98749	0.986577	0.984904	0.981958	0.976961	0.968809	0.956007	0.936652	0.90848	0.869	0.815719	0.746471	0.659791	0.555287	0.433924	0.298162	0.151866	0	
0	0.152658	0.299717	0.436184	0.558173	0.663214	0.750335	0.819931	0.873477	0.913152	0.941459	0.960906	0.973768	0.981958	0.986976	0.989936	0.991615	0.992532	0.993013	0.993256	0.993374	0.993429	0.993454	0.993465	0.993469	0.993471	0.993471	0.993472	0.993472	0.993472	0.993472	0.993472	0.993472	0.993471	0.993471	0.993469	0.993465	0.993454	0.993429	0.993374	0.993256	0.993013	0.992532	0.991615	0.989936	0.986976	0.981958	0.973768	0.960906	0.941459	0.913152	0.873477	0.819931	0.750335	0.663214	0.558173	0.436184	0.299717	0.152658	0	
0	0.153127	0.300637	0.437521	0.55988	0.665238	0.752618	0.82242	0.876122	0.91591	0.944297	0.963797	0.976694	0.984904	0.989936	0.992903	0.994586	0.995505	0.995987	0.996231	0.996349	0.996404	0.996429	0.99644	0.996444	0.996446	0.996446	0.996447	0.996447	0.996447	0.996447	0.996447	0.996447	0.996446	0.996446	0.996444	0.99644	0.996429	0.996404	0.996349	0.996231	0.995987	0.995505	0.994586	0.992903	0.989936	0.984904	0.976694	0.963797	0.944297	0.91591	0.876122	0.82242	0.752618	0.665238	0.55988	0.437521	0.300637	0.153127	0	
0	0.153395	0.301161	0.438282	0.560853	0.66639	0.753918	0.823835	0.877625	0.917476	0.945908	0.965438	0.978354	0.986577	0.991615	0.994586	0.996272	0.997192	0.997675	0.997919	0.998037	0.998092	0.998117	0.998128	0.998132	0.998134	0.998134	0.998135	0.998135	0.998135	0.998135	0.998135	0.998135	0.998134	0.998134	0.998132	0.998128	0.998117	0.998092	0.998037	0.997919	0.997675	0.997192	0.996272	0.994586	0.991615	0.986577	0.978354	0.965438	0.945908	0.917476	0.877625	0.823835	0.753918	0.66639	0.560853	0.438282	0.301161	0.153395	0	
0	0.153541	0.301449	0.4387	0.561385	0.66702	0.754629	0.824609	0.878447	0.918333	0.946788	0.966335	0.979261	0.98749	0.992532	0.995505	0.997192	0.998112	0.998596	0.99884	0.998958	0.999013	0.999038	0.999049	0.999053	0.999055	0.999056	0.999056	0.999056	0.999056	0.999056	0.999056	0.999056	0.999056	0.999055	0.999053	0.999049	0.999038	0.999013	0.998958	0.99884	0.998596	0.998112	0.997192	0.995505	0.992532	0.98749	0.979261	0.966335	0.946788	0.918333	0.878447	0.824609	0.754629	0.66702	0.561385	0.4387	0.301449	0.153541	0	
0	0.153618	0.3016	0.43892	0.561666	0.667353	0.755003	0.825017	0.878879	0.918783	0.947251	0.966806	0.979737	0.987969	0.993013	0.995987	0.997675	0.998596	0.999079	0.999323	0.999442	0.999497	0.999522	0.999532	0.999537	0.999538	0.999539	0.999539	0.999539	0.999539	0.999539	0.999539	0.999539	0.999539	0.999538	0.999537	0.999532	0.999522	0.999497	0.999442	0.999323	0.999079	0.998596	0.997675	0.995987	0.993013	0.987969	0.979737	0.966806	0.947251	0.918783	0.878879	0.825017	0.755003	0.667353	0.561666	0.43892	0.3016	0.153618	0	
0	0.153658	0.301677	0.439031	0.561808	0.667521	0.755193	0.825223	0.879097	0.919011	0.947485	0.967043	0.979978	0.988211	0.993256	0.996231	0.997919	0.99884	0.999323	0.999567	0.999686	0.999741	0.999766	0.999776	0.999781	0.999783	0.999783	0.999783	0.999784	0.999784	0.999784	0.999784	0.999783	0.999783	0.999783	0.999781	0.999776	0.999766	0.999741	0.999686	0.999567	0.999323	0.99884	0.997919	0.996231	0.993256	0.988211	0.979978	0.967043	0.947485	0.919011	0.879097	0.825223	0.755193	0.667521	0.561808	0.439031	0.301677	0.153658	0	
0	0.153677	0.301714	0.439086	0.561877	0.667603	0.755285	0.825323	0.879204	0.919121	0.947598	0.967159	0.980095	0.988329	0.993374	0.996349	0.998037	0.998958	0.999442	0.999686	0.999804	0.999859	0.999884	0.999895	0.999899	0.999901	0.999902	0.999902	0.999902	0.999902	0.999902	0.999902	0.999902	0.999902	0.999901	0.999899	0.999895	0.999884	0.999859	0.999804	0.999686	0.999442	0.998958	0.998037	0.996349	0.993374	0.988329	0.980095	0.967159	0.947598	0.919121	0.879204	0.825323	0.755285	0.667603	0.561877	0.439086	0.301714	0.153677	0	
0	0.153686	0.301732	0.439111	0.56191	0.667641	0.755328	0.82537	0.879253	0.919173	0.947651	0.967213	0.980149	0.988384	0.993429	0.996404	0.998092	0.999013	0.999497	0.999741	0.999859	0.999915	0.999939	0.99995	0.999955	0.999956	0.999957	0.999957	0.999957	0.999957	0.999957	0.999957	0.999957	0.999957	0.999956	0.999955	0.99995	0.999939	0.999915	0.999859	0.999741	0.999497	0.999013	0.998092	0.996404	0.993429	0.988384	0.980149	0.967213	0.947651	0.919173	0.879253	0.82537	0.755328	0.667641	0.56191	0.439111	0.301732	0.153686	0	
0	0.15369	0.30174	0.439123	0.561924	0.667659	0.755347	0.825391	0.879276	0.919196	0.947675	0.967237	0.980173	0.988408	0.993454	0.996429	0.998117	0.999038	0.999522	0.999766	0.999884	0.999939	0.999964	0.999975	0.999979	0.999981	0.999982	0.999982	0.999982	0.999982	0.999982	0.999982	0.999982	0.999982	0.999981	0.999979	0.999975	0.999964	0.999939	0.999884	0.999766	0.999522	0.999038	0.998117	0.996429	0.993454	0.988408	0.980173	0.967237	0.947675	0.919196	0.879276	0.825391	0.755347	0.667659	0.561924	0.439123	0.30174	0.15369	0	
0	0.153692	0.301743	0.439127	0.561931	0.667666	0.755356	0.8254	0.879285	0.919206	0.947685	0.967247	0.980184	0.988419	0.993464	0.996439	0.998127	0.999048	0.999532	0.999776	0.999895	0.99995	0.999975	0.999985	0.99999	0.999991	0.999992	0.999992	0.999992	0.999992	0.999992	0.999992	0.999992	0.999992	0.999991	0.99999	0.999985	0.999975	0.99995	0.999895	0.999776	0.999532	0.999048	0.998127	0.996439	0.993464	0.988419	0.980184	0.967247	0.947685	0.919206	0.879285	0.8254	0.755356	0.667666	0.561931	0.439127	0.301743	0.153692	0	
0	0.153692	0.301744	0.439129	0.561933	0.667669	0.755359	0.825403	0.879289	0.919209	0.947689	0.967251	0.980187	0.988422	0.993468	0.996443	0.998131	0.999052	0.999536	0.99978	0.999898	0.999954	0.999978	0.999989	0.999993	0.999995	0.999996	0.999996	0.999996	0.999996	0.999996	0.999996	0.999996	0.999996	0.999995	0.999993	0.999989	0.999978	0.999954	0.999898	0.99978	0.999536	0.999052	0.998131	0.996443	0.993468	0.988422	0.980187	0.967251	0.947689	0.919209	0.879289	0.825403	0.755359	0.667669	0.561933	0.439129	0.301744	0.153692	0	
0	0.153692	0.301744	0.439129	0.561933	0.667669	0.755359	0.825403	0.879289	0.919209	0.947689	0.967251	0.980187	0.988422	0.993468	0.996443	0.998131	0.999052	0.999536	0.99978	0.999898	0.999954	0.999978	0.999989	0.999993	0.999995	0.999996	0.999996	0.999996	0.999996	0.999996	0.999996	0.999996	0.999996	0.999995	0.999993	0.999989	0.999978	0.999954	0.999898	0.99978	0.999536	0.999052	0.998131	0.996443	0.993468	0.988422	0.980187	0.967251	0.947689	0.919209	0.879289	0.825403	0.755359	0.667669	0.561933	0.439129	0.301744	0.153692	0	
0	0.153692	0.301743	0.439127	0.561931	0.667666	0.755356	0.8254	0.879285	0.919206	0.947685	0.967247	0.980184	0.988419	0.993464	0.996439	0.998127	0.999048	0.999532	0.999776	0.999895	0.99995	0.999975	0.999985	0.99999	0.999991	0.999992	0.999992	0.999992	0.999992	0.999992	0.999992	0.999992	0.999992	0.999991	0.99999	0.999985	0.999975	0.99995	0.999895	0.999776	0.999532	0.999048	0.998127	0.996439	0.993464	0.988419	0.980184	0.967247	0.947685	0.919206	0.879285	0.8254	0.755356	0.667666	0.561931	0.439127	0.301743	0.153692	0	
0	0.15369	0.30174	0.439123	0.561924	0.667659	0.755347	0.825391	0.879276	0.919196	0.947675	0.967237	0.980173	0.988408	0.993454	0.996429	0.998117	0.999038	0.999522	0.999766	0.999884	0.999939	0.999964	0.999975	0.999979	0.999981	0.999982	0.999982	0.999982	0.999982	0.999982	0.999982	0.999982	0.999982	0.999981	0.999979	0.999975	0.999964	0.999939	0.999884	0.999766	0.999522	0.999038	0.998117	0.996429	0.993454	0.988408	0.980173	0.967237	0.947675	0.919196	0.879276	0.825391	0.755347	0.667659	0.561924	0.439123	0.30174	0.15369	0	
0	0.153686	0.301732	0.439111	0.56191	0.667641	0.755328	0.82537	0.879253	0.919173	0.947651	0.967213	0.980149	0.988384	0.993429	0.996404	0.998092	0.999013	0.999497	0.999741	0.999859	0.999915	0.999939	0.99995	0.999955	0.999956	0.999957	0.999957	0.999957	0.999957	0.999957	0.999957	0.999957	0.999957	0.999956	0.999955	0.99995	0.999939	0.999915	0.999859	0.999741	0.999497	0.999013	0.998092	0.996404	0.993429	0.988384	0.980149	0.967213	0.947651	0.919173	0.879253	0.82537	0.755328	0.667641	0.56191	0.439111	0.301732	0.153686	0	
0	0.153677	0.301714	0.439086	0.561877	0.667603	0.755285	0.825323	0.879204	0.919121	0.947598	0.967159	0.980095	0.988329	0.993374	0.996349	0.998037	0.998958	0.999442	0.999686	0.999804	0.999859	0.999884	0.999895	0.999899	0.999901	0.999902	0.999902	0.999902	0.999902	0.999902	0.999902	0.999902	0.999902	0.999901	0.999899	0.999895	0.999884	0.999859	0.999804	0.999686	0.999442	0.998958	0.998037	0.996349	0.993374	0.988329	0.980095	0.967159	0.947598	0.919121	0.879204	0.825323	0.755285	0.667603	0.561877	0.439086	0.301714	0.153677	0	
0	0.153658	0.301677	0.439031	0.561808	0.667521	0.755193	0.825223	0.879097	0.919011	0.947485	0.967043	0.979978	0.988211	0.993256	0.996231	0.997919	0.99884	0.999323	0.999567	0.999686	0.999741	0.999766	0.999776	0.999781	0.999783	0.999783	0.999783	0.999784	0.999784	0.999784	0.999784	0.999783	0.999783	0.999783	0.999781	0.999776	0.999766	0.999741	0.999686	0.999567	0.999323	0.99884	0.997919	0.996231	0.993256	0.988211	0.979978	0.967043	0.947485	0.919011	0.879097	0.825223	0.755193	0.667521	0.561808	0.439031	0.301677	0.153658	0	
0	0.153618	0.3016	0.43892	0.561666	0.667353	0.755003	0.825017	0.878879	0.918783	0.947251	0.966806	0.979737	0.987969	0.993013	0.995987	0.997675	0.998596	0.999079	0.999323	0.999442	0.999497	0.999522	0.999532	0.999537	0.999538	0.999539	0.999539	0.999539	0.999539	0.999539	0.999539	0.999539	0.999539	0.999538	0.999537	0.999532	0.999522	0.999497	0.999442	0.999323	0.999079	0.998596	0.997675	0.995987	0.993013	0.987969	0.979737	0.966806	0.947251	0.918783	0.878879	0.825017	0.755003	0.667353	0.561666	0.43892	0.3016	0.153618	0	
0	0.153541	0.301449	0.4387	0.561385	0.66702	0.754629	0.824609	0.878447	0.918333	0.946788	0.966335	0.979261	0.98749	0.992532	0.995505	0.997192	0.998112	0.998596	0.99884	0.998958	0.999013	0.999038	0.999049	0.999053	0.999055	0.999056	0.999056	0.999056	0.999056	0.999056	0.999056	0.999056	0.999056	0.999055	0.999053	0.999049	0.999038	0.999013	0.998958	0.99884	0.998596	0.998112	0.997192	0.995505	0.992532	0.98749	0.979261	0.966335	0.946788	0.918333	0.878447	0.824609	0.754629	0.66702	0.561385	0.4387	0.301449	0.153541	0	
0	0.153395	0.301161	0.438282	0.560853	0.66639	0.753918	0.823835	0.877625	0.917476	0.945908	0.965438	0.978354	0.986577	0.991615	0.994586	0.996272	0.997192	0.997675	0.997919	0.998037	0.998092	0.998117	0.998128	0.998132	0.998134	0.998134	0.998135	0.998135	0.998135	0.998135	0.998135	0.998135	0.998134	0.998134	0.998132	0.998128	0.998117	0.998092	0.998037	0.997919	0.997675	0.997192	0.996272	0.994586	0.991615	0.986577	0.978354	0.965438	0.945908	0.917476	0.877625	0.823835	0.753918	0.66639	0.560853	0.438282	0.301161	0.153395	0	
0	0.153127	0.300637	0.437521	0.55988	0.665238	0.752618	0.82242	0.876122	0.91591	0.944297	0.963797	0.976694	0.984904	0.989936	0.992903	0.994586	0.995505	0.995987	0.996231	0.996349	0.996404	0.996429	0.99644	0.996444	0.996446	0.996446	0.996447	0.996447	0.996447	0.996447	0.996447	0.996447	0.996446	0.996446	0.996444	0.99644	0.996429	0.996404	0.996349	0.996231	0.995987	0.995505	0.994586	0.992903	0.989936	0.984904	0.976694	0.963797	0.944297	0.91591	0.876122	0.82242	0.752618	0.665238	0.55988	0.437521	0.300637	0.153127	0	
0	0.152658	0.299717	0.436184	0.558173	0.663214	0.750335	0.819931	0.873477	0.913152	0.941459	0.960906	0.973768	0.981958	0.986976	0.989936	0.991615	0.992532	0.993013	0.993256	0.993374	0.993429	0.993454	0.993465	0.993469	0.993471	0.993471	0.993472	0.993472	0.993472	0.993472	0.993472	0.993472	0.993471	0.993471	0.993469	0.993465	0.993454	0.993429	0.993374	0.993256	0.993013	0.992532	0.991615	0.989936	0.986976	0.981958	0.973768	0.960906	0.941459	0.913152	0.873477	0.819931	0.750335	0.663214	0.558173	0.436184	0.299717	0.152658	0	
0	0.151866	0.298162	0.433924	0.555287	0.659791	0.746471	0.815719	0.869	0.90848	0.936652	0.956007	0.968809	0.976961	0.981958	0.984904	0.986577	0.98749	0.987969	0.988211	0.988329	0.988384	0.988408	0.988419	0.988423	0.988425	0.988426	0.988426	0.988426	0.988426	0.988426	0.988426	0.988426	0.988426	0.988425	0.988423	0.988419	0.988408	0.988384	0.988329	0.988211	0.987969	0.98749	0.986577	0.984904	0.981958	0.976961	0.968809	0.956007	0.936652	0.90848	0.869	0.815719	0.746471	0.659791	0.555287	0.433924	0.298162	0.151866	0	
0	0.150577	0.295634	0.430249	0.55059	0.65422	0.740179	0.808857	0.861703	0.900865	0.928812	0.948015	0.960719	0.968809	0.973768	0.976694	0.978354	0.979261	0.979737	0.979978	0.980095	0.980149	0.980173	0.980184	0.980188	0.98019	0.980191	0.980191	0.980191	0.980191	0.980191	0.980191	0.980191	0.980191	0.98019	0.980188	0.980184	0.980173	0.980149	0.980095	0.979978	0.979737	0.979261	0.978354	0.976694	0.973768	0.968809	0.960719	0.948015	0.928812	0.900865	0.861703	0.808857	0.740179	0.65422	0.55059	0.430249	0.295634	0.150577	0	
0	0.148559	0.291675	0.424492	0.543232	0.645489	0.730317	0.798096	0.850256	0.888915	0.916507	0.935469	0.948015	0.956007	0.960906	0.963797	0.965438	0.966335	0.966806	0.967044	0.967159	0.967213	0.967237	0.967248	0.967252	0.967254	0.967254	0.967255	0.967255	0.967255	0.967255	0.967255	0.967255	0.967254	0.967254	0.967252	0.967248	0.967237	0.967213	0.967159	0.967044	0.966806	0.966335	0.965438	0.963797	0.960906	0.956007	0.948015	0.935469	0.916507	0.888915	0.850256	0.798096	0.730317	0.645489	0.543232	0.424492	0.291675	0.148559	0	
0	0.145518	0.285706	0.415812	0.532134	0.632317	0.715431	0.781849	0.83297	0.870864	0.897914	0.916507	0.928812	0.936652	0.941459	0.944297	0.945908	0.946788	0.947251	0.947485	0.947598	0.947651	0.947675	0.947686	0.94769	0.947692	0.947692	0.947692	0.947692	0.947692	0.947692	0.947692	0.947692	0.947692	0.947692	0.94769	0.947686	0.947675	0.947651	0.947598	0.947485	0.947251	0.946788	0.945908	0.944297	0.941459	0.936652	0.928812	0.916507	0.897914	0.870864	0.83297	0.781849	0.715431	0.632317	0.532134	0.415812	0.285706	0.145518	0	
0	0.141102	0.277039	0.403206	0.516013	0.613179	0.693799	0.758232	0.807833	0.844607	0.870864	0.888915	0.900865	0.90848	0.913152	0.91591	0.917476	0.918333	0.918783	0.919011	0.919121	0.919173	0.919196	0.919206	0.91921	0.919212	0.919213	0.919213	0.919213	0.919213	0.919213	0.919213	0.919213	0.919213	0.919212	0.91921	0.919206	0.919196	0.919173	0.919121	0.919011	0.918783	0.918333	0.917476	0.91591	0.913152	0.90848	0.900865	0.888915	0.870864	0.844607	0.807833	0.758232	0.693799	0.613179	0.516013	0.403206	0.277039	0.141102	0	
0	0.134928	0.26492	0.385575	0.493463	0.586401	0.663523	0.725171	0.772635	0.807833	0.83297	0.850256	0.861703	0.869	0.873477	0.876122	0.877625	0.878447	0.878879	0.879097	0.879204	0.879254	0.879276	0.879286	0.87929	0.879291	0.879292	0.879292	0.879292	0.879292	0.879292	0.879292	0.879292	0.879292	0.879291	0.87929	0.879286	0.879276	0.879254	0.879204	0.879097	0.878879	0.878447	0.877625	0.876122	0.873477	0.869	0.861703	0.850256	0.83297	0.807833	0.772635	0.725171	0.663523	0.586401	0.493463	0.385575	0.26492	0.134928	0	
0	0.126612	0.248597	0.361825	0.463081	0.550315	0.622714	0.680596	0.725171	0.758232	0.781849	0.798096	0.808857	0.815719	0.819931	0.82242	0.823835	0.824609	0.825017	0.825223	0.825323	0.82537	0.825391	0.8254	0.825404	0.825406	0.825406	0.825407	0.825407	0.825407	0.825407	0.825407	0.825407	0.825406	0.825406	0.825404	0.8254	0.825391	0.82537	0.825323	0.825223	0.825017	0.824609	0.823835	0.82242	0.819931	0.815719	0.808857	0.798096	0.781849	0.758232	0.725171	0.680596	0.622714	0.550315	0.463081	0.361825	0.248597	0.126612	0	
0	0.115824	0.227418	0.331007	0.423651	0.503474	0.569733	0.622714	0.663523	0.693799	0.715431	0.730317	0.740179	0.746471	0.750335	0.752618	0.753918	0.754629	0.755003	0.755193	0.755285	0.755328	0.755348	0.755356	0.755359	0.755361	0.755361	0.755362	0.755362	0.755362	0.755362	0.755362	0.755362	0.755361	0.755361	0.755359	0.755356	0.755348	0.755328	0.755285	0.755193	0.755003	0.754629	0.753918	0.752618	0.750335	0.746471	0.740179	0.730317	0.715431	0.693799	0.663523	0.622714	0.569733	0.503474	0.423651	0.331007	0.227418	0.115824	0	
0	0.10234	0.200945	0.292483	0.374355	0.444905	0.503474	0.550315	0.586401	0.613179	0.632317	0.645489	0.65422	0.659791	0.663214	0.665238	0.66639	0.66702	0.667353	0.667521	0.667603	0.667641	0.667659	0.667666	0.667669	0.66767	0.667671	0.667671	0.667671	0.667671	0.667671	0.667671	0.667671	0.667671	0.66767	0.667669	0.667666	0.667659	0.667641	0.667603	0.667521	0.667353	0.66702	0.66639	0.665238	0.663214	0.659791	0.65422	0.645489	0.632317	0.613179	0.586401	0.550315	0.503474	0.444905	0.374355	0.292483	0.200945	0.10234	0	
0	0.0861043	0.169068	0.246089	0.314982	0.374355	0.423651	0.463081	0.493463	0.516013	0.532134	0.543232	0.55059	0.555287	0.558173	0.55988	0.560853	0.561385	0.561666	0.561808	0.561877	0.56191	0.561925	0.561931	0.561933	0.561935	0.561935	0.561935	0.561935	0.561935	0.561935	0.561935	0.561935	0.561935	0.561935	0.561933	0.561931	0.561925	0.56191	0.561877	0.561808	0.561666	0.561385	0.560853	0.55988	0.558173	0.555287	0.55059	0.543232	0.532134	0.516013	0.493463	0.463081	0.423651	0.374355	0.314982	0.246089	0.169068	0.0861043	0	
0	0.0672681	0.132084	0.19226	0.246089	0.292483	0.331007	0.361825	0.385575	0.403206	0.415812	0.424492	0.430249	0.433924	0.436184	0.437521	0.438282	0.4387	0.43892	0.439031	0.439086	0.439111	0.439123	0.439128	0.43913	0.43913	0.439131	0.439131	0.439131	0.439131	0.439131	0.439131	0.439131	0.439131	0.43913	0.43913	0.439128	0.439123	0.439111	0.439086	0.439031	0.43892	0.4387	0.438282	0.437521	0.436184	0.433924	0.430249	0.424492	0.415812	0.403206	0.385575	0.361825	0.331007	0.292483	0.246089	0.19226	0.132084	0.0672681	0	
0	0.0462128	0.0907417	0.132084	0.169068	0.200945	0.227418	0.248597	0.26492	0.277039	0.285706	0.291675	0.295634	0.298162	0.299717	0.300637	0.301161	0.301449	0.3016	0.301677	0.301714	0.301732	0.30174	0.301743	0.301745	0.301745	0.301746	0.301746	0.301746	0.301746	0.301746	0.301746	0.301746	0.301746	0.301745	0.301745	0.301743	0.30174	0.301732	0.301714	0.301677	0.3016	0.301449	0.301161	0.300637	0.299717	0.298162	0.295634	0.291675	0.285706	0.277039	0.26492	0.248597	0.227418	0.200945	0.169068	0.132084	0.0907417	0.0462128	0	
0	0.0235351	0.0462128	0.0672681	0.0861043	0.10234	0.115824	0.126612	0.134928	0.141102	0.145518	0.148559	0.150577	0.151866	0.152658	0.153127	0.153395	0.153541	0.153618	0.153658	0.153677	0.153686	0.15369	0.153692	0.153692	0.153693	0.153693	0.153693	0.153693	0.153693	0.153693	0.153693	0.153693	0.153693	0.153693	0.153692	0.153692	0.15369	0.153686	0.153677	0.153658	0.153618	0.153541	0.153395	0.153127	0.152658	0.151866	0.150577	0.148559	0.145518	0.141102	0.134928	0.126612	0.115824	0.10234	0.0861043	0.0672681	0.0462128	0.0235351	0	
0	0	0	0	0	0	0	0	0	0	0	0	0	0	0	0	0	0	0	0	0	0	0	0	0	0	0	0	0	0	0	0	0	0	0	0	0	0	0	0	0	0	0	0	0	0	0	0	0	0	0	0	0	0	0	0	0	0	0	0	
