0	0	0	0	0	0	0	0	0	0	0	0	0	0	0	0	0	0	0	0	0	0	0	0	0	0	0	0	0	0	0	0	0	0	0	0	0	0	0	0	0	0	0	0	0	0	0	0	0	0	0	0	0	0	0	0	0	0	0	0	
0	0.051971	0.0998333	0.140423	0.172113	0.194884	0.209936	0.219083	0.22419	0.226808	0.228038	0.228567	0.228775	0.22885	0.228874	0.228882	0.228884	0.228884	0.228884	0.228884	0.228884	0.228884	0.228884	0.228884	0.228884	0.228884	0.228884	0.228884	0.228884	0.228884	0.228884	0.228884	0.228884	0.228884	0.228884	0.228884	0.228884	0.228884	0.228884	0.228884	0.228884	0.228884	0.228884	0.228884	0.228882	0.228874	0.22885	0.228775	0.228567	0.228038	0.226808	0.22419	0.219083	0.209936	0.194884	0.172113	0.140423	0.0998333	0.051971	0	
0	0.0998333	0.191764	0.269709	0.330545	0.37424	0.403106	0.420637	0.430417	0.435424	0.437775	0.438785	0.439182	0.439324	0.43937	0.439384	0.439388	0.439389	0.439389	0.439389	0.439389	0.439389	0.439389	0.439389	0.439389	0.439389	0.439389	0.439389	0.439389	0.439389	0.439389	0.439389	0.439389	0.439389	0.439389	0.439389	0.439389	0.439389	0.439389	0.439389	0.439389	0.439389	0.439389	0.439388	0.439384	0.43937	0.439324	0.439182	0.438785	0.437775	0.435424	0.430417	0.420637	0.403106	0.37424	0.330545	0.269709	0.191764	0.0998333	0	
0	0.140423	0.269709	0.379291	0.464777	0.526135	0.566637	0.591209	0.6049	0.611899	0.615179	0.616585	0.617137	0.617334	0.617398	0.617417	0.617422	0.617423	0.617424	0.617424	0.617424	0.617424	0.617424	0.617424	0.617424	0.617424	0.617424	0.617424	0.617424	0.617424	0.617424	0.617424	0.617424	0.617424	0.617424	0.617424	0.617424	0.617424	0.617424	0.617424	0.617424	0.617424	0.617423	0.617422	0.617417	0.617398	0.617334	0.617137	0.616585	0.615179	0.611899	0.6049	0.591209	0.566637	0.526135	0.464777	0.379291	0.269709	0.140423	0	
0	0.172113	0.330545	0.464777	0.56943	0.644485	0.693977	0.723965	0.740648	0.749163	0.753144	0.754848	0.755514	0.755751	0.755828	0.755851	0.755857	0.755859	0.755859	0.755859	0.755859	0.755859	0.755859	0.755859	0.755859	0.755859	0.755859	0.755859	0.755859	0.755859	0.755859	0.755859	0.755859	0.755859	0.755859	0.755859	0.755859	0.755859	0.755859	0.755859	0.755859	0.755859	0.755859	0.755857	0.755851	0.755828	0.755751	0.755514	0.754848	0.753144	0.749163	0.740648	0.723965	0.693977	0.644485	0.56943	0.464777	0.330545	0.172113	0	
0	0.194884	0.37424	0.526135	0.644485	0.72929	0.785151	0.818954	0.837731	0.847296	0.851759	0.853665	0.854408	0.854672	0.854757	0.854782	0.854789	0.85479	0.854791	0.854791	0.854791	0.854791	0.854791	0.854791	0.854791	0.854791	0.854791	0.854791	0.854791	0.854791	0.854791	0.854791	0.854791	0.854791	0.854791	0.854791	0.854791	0.854791	0.854791	0.854791	0.854791	0.854791	0.85479	0.854789	0.854782	0.854757	0.854672	0.854408	0.853665	0.851759	0.847296	0.837731	0.818954	0.785151	0.72929	0.644485	0.526135	0.37424	0.194884	0	
0	0.209936	0.403106	0.566637	0.693977	0.785151	0.845148	0.881409	0.901522	0.911751	0.916515	0.918544	0.919333	0.919613	0.919703	0.91973	0.919737	0.919738	0.919739	0.919739	0.919739	0.919739	0.919739	0.919739	0.919739	0.919739	0.919739	0.919739	0.919739	0.919739	0.919739	0.919739	0.919739	0.919739	0.919739	0.919739	0.919739	0.919739	0.919739	0.919739	0.919739	0.919739	0.919738	0.919737	0.91973	0.919703	0.919613	0.919333	0.918544	0.916515	0.911751	0.901522	0.881409	0.845148	0.785151	0.693977	0.566637	0.403106	0.209936	0	
0	0.219083	0.420637	0.591209	0.723965	0.818954	0.881409	0.919117	0.940009	0.950619	0.955553	0.957652	0.958466	0.958754	0.958847	0.958874	0.958881	0.958883	0.958883	0.958883	0.958883	0.958883	0.958883	0.958883	0.958883	0.958883	0.958883	0.958883	0.958883	0.958883	0.958883	0.958883	0.958883	0.958883	0.958883	0.958883	0.958883	0.958883	0.958883	0.958883	0.958883	0.958883	0.958883	0.958881	0.958874	0.958847	0.958754	0.958466	0.957652	0.955553	0.950619	0.940009	0.919117	0.881409	0.818954	0.723965	0.591209	0.420637	0.219083	0	
0	0.22419	0.430417	0.6049	0.740648	0.837731	0.901522	0.940009	0.961313	0.972123	0.977144	0.979277	0.980104	0.980396	0.980489	0.980517	0.980524	0.980526	0.980526	0.980526	0.980526	0.980526	0.980526	0.980526	0.980526	0.980526	0.980526	0.980526	0.980526	0.980526	0.980526	0.980526	0.980526	0.980526	0.980526	0.980526	0.980526	0.980526	0.980526	0.980526	0.980526	0.980526	0.980526	0.980524	0.980517	0.980489	0.980396	0.980104	0.979277	0.977144	0.972123	0.961313	0.940009	0.901522	0.837731	0.740648	0.6049	0.430417	0.22419	0	
0	0.226808	0.435424	0.611899	0.749163	0.847296	0.911751	0.950619	0.972123	0.983026	0.988088	0.990236	0.991068	0.991362	0.991456	0.991484	0.991491	0.991493	0.991493	0.991493	0.991493	0.991493	0.991493	0.991493	0.991493	0.991493	0.991493	0.991493	0.991493	0.991493	0.991493	0.991493	0.991493	0.991493	0.991493	0.991493	0.991493	0.991493	0.991493	0.991493	0.991493	0.991493	0.991493	0.991491	0.991484	0.991456	0.991362	0.991068	0.990236	0.988088	0.983026	0.972123	0.950619	0.911751	0.847296	0.749163	0.611899	0.435424	0.226808	0	
0	0.228038	0.437775	0.615179	0.753144	0.851759	0.916515	0.955553	0.977144	0.988088	0.993166	0.995321	0.996155	0.99645	0.996544	0.996572	0.996579	0.99658	0.996581	0.996581	0.996581	0.996581	0.996581	0.996581	0.996581	0.996581	0.996581	0.996581	0.996581	0.996581	0.996581	0.996581	0.996581	0.996581	0.996581	0.996581	0.996581	0.996581	0.996581	0.996581	0.996581	0.996581	0.99658	0.996579	0.996572	0.996544	0.99645	0.996155	0.995321	0.993166	0.988088	0.977144	0.955553	0.916515	0.851759	0.753144	0.615179	0.437775	0.228038	0	
0	0.228567	0.438785	0.616585	0.754848	0.853665	0.918544	0.957652	0.979277	0.990236	0.995321	0.997478	0.998313	0.998607	0.998702	0.998729	0.998737	0.998738	0.998739	0.998739	0.998739	0.998739	0.998739	0.998739	0.998739	0.998739	0.998739	0.998739	0.998739	0.998739	0.998739	0.998739	0.998739	0.998739	0.998739	0.998739	0.998739	0.998739	0.998739	0.998739	0.998739	0.998739	0.998738	0.998737	0.998729	0.998702	0.998607	0.998313	0.997478	0.995321	0.990236	0.979277	0.957652	0.918544	0.853665	0.754848	0.616585	0.438785	0.228567	0	
0	0.228775	0.439182	0.617137	0.755514	0.854408	0.919333	0.958466	0.980104	0.991068	0.996155	0.998313	0.999148	0.999443	0.999537	0.999565	0.999572	0.999574	0.999574	0.999574	0.999574	0.999574	0.999574	0.999574	0.999574	0.999574	0.999574	0.999574	0.999574	0.999574	0.999574	0.999574	0.999574	0.999574	0.999574	0.999574	0.999574	0.999574	0.999574	0.999574	0.999574	0.999574	0.999574	0.999572	0.999565	0.999537	0.999443	0.999148	0.998313	0.996155	0.991068	0.980104	0.958466	0.919333	0.854408	0.755514	0.617137	0.439182	0.228775	0	
0	0.22885	0.439324	0.617334	0.755751	0.854672	0.919613	0.958754	0.980396	0.991362	0.99645	0.998607	0.999443	0.999737	0.999832	0.999859	0.999867	0.999868	0.999869	0.999869	0.999869	0.999869	0.999869	0.999869	0.999869	0.999869	0.999869	0.999869	0.999869	0.999869	0.999869	0.999869	0.999869	0.999869	0.999869	0.999869	0.999869	0.999869	0.999869	0.999869	0.999869	0.999869	0.999868	0.999867	0.999859	0.999832	0.999737	0.999443	0.998607	0.99645	0.991362	0.980396	0.958754	0.919613	0.854672	0.755751	0.617334	0.439324	0.22885	0	
0	0.228874	0.43937	0.617398	0.755828	0.854757	0.919703	0.958847	0.980489	0.991456	0.996544	0.998702	0.999537	0.999832	0.999926	0.999954	0.999961	0.999963	0.999963	0.999963	0.999963	0.999963	0.999963	0.999963	0.999963	0.999963	0.999963	0.999963	0.999963	0.999963	0.999963	0.999963	0.999963	0.999963	0.999963	0.999963	0.999963	0.999963	0.999963	0.999963	0.999963	0.999963	0.999963	0.999961	0.999954	0.999926	0.999832	0.999537	0.998702	0.996544	0.991456	0.980489	0.958847	0.919703	0.854757	0.755828	0.617398	0.43937	0.228874	0	
0	0.228882	0.439384	0.617417	0.755851	0.854782	0.91973	0.958874	0.980517	0.991484	0.996572	0.998729	0.999565	0.999859	0.999954	0.999981	0.999988	0.99999	0.999991	0.999991	0.999991	0.999991	0.999991	0.999991	0.999991	0.999991	0.999991	0.999991	0.999991	0.999991	0.999991	0.999991	0.999991	0.999991	0.999991	0.999991	0.999991	0.999991	0.999991	0.999991	0.999991	0.999991	0.99999	0.999988	0.999981	0.999954	0.999859	0.999565	0.998729	0.996572	0.991484	0.980517	0.958874	0.91973	0.854782	0.755851	0.617417	0.439384	0.228882	0	
0	0.228884	0.439388	0.617422	0.755857	0.854789	0.919737	0.958881	0.980524	0.991491	0.996579	0.998737	0.999572	0.999867	0.999961	0.999988	0.999996	0.999997	0.999998	0.999998	0.999998	0.999998	0.999998	0.999998	0.999998	0.999998	0.999998	0.999998	0.999998	0.999998	0.999998	0.999998	0.999998	0.999998	0.999998	0.999998	0.999998	0.999998	0.999998	0.999998	0.999998	0.999998	0.999997	0.999996	0.999988	0.999961	0.999867	0.999572	0.998737	0.996579	0.991491	0.980524	0.958881	0.919737	0.854789	0.755857	0.617422	0.439388	0.228884	0	
0	0.228884	0.439389	0.617423	0.755859	0.85479	0.919738	0.958883	0.980526	0.991493	0.99658	0.998738	0.999574	0.999868	0.999963	0.99999	0.999997	0.999999	0.999999	1	1	1	1	1	1	1	1	1	1	1	1	1	1	1	1	1	1	1	1	1	1	0.999999	0.999999	0.999997	0.99999	0.999963	0.999868	0.999574	0.998738	0.99658	0.991493	0.980526	0.958883	0.919738	0.85479	0.755859	0.617423	0.439389	0.228884	0	
0	0.228884	0.439389	0.617424	0.755859	0.854791	0.919739	0.958883	0.980526	0.991493	0.996581	0.998739	0.999574	0.999869	0.999963	0.999991	0.999998	0.999999	1	1	1	1	1	1	1	1	1	1	1	1	1	1	1	1	1	1	1	1	1	1	1	1	0.999999	0.999998	0.999991	0.999963	0.999869	0.999574	0.998739	0.996581	0.991493	0.980526	0.958883	0.919739	0.854791	0.755859	0.617424	0.439389	0.228884	0	
0	0.228884	0.439389	0.617424	0.755859	0.854791	0.919739	0.958883	0.980526	0.991493	0.996581	0.998739	0.999574	0.999869	0.999963	0.999991	0.999998	1	1	1	1	1	1	1	1	1	1	1	1	1	1	1	1	1	1	1	1	1	1	1	1	1	1	0.999998	0.999991	0.999963	0.999869	0.999574	0.998739	0.996581	0.991493	0.980526	0.958883	0.919739	0.854791	0.755859	0.617424	0.439389	0.228884	0	
0	0.228884	0.439389	0.617424	0.755859	0.854791	0.919739	0.958883	0.980526	0.991493	0.996581	0.998739	0.999574	0.999869	0.999963	0.999991	0.999998	1	1	1	1	1	1	1	1	1	1	1	1	1	1	1	1	1	1	1	1	1	1	1	1	1	1	0.999998	0.999991	0.999963	0.999869	0.999574	0.998739	0.996581	0.991493	0.980526	0.958883	0.919739	0.854791	0.755859	0.617424	0.439389	0.228884	0	
0	0.228884	0.439389	0.617424	0.755859	0.854791	0.919739	0.958883	0.980526	0.991493	0.996581	0.998739	0.999574	0.999869	0.999963	0.999991	0.999998	1	1	1	1	1	1	1	1	1	1	1	1	1	1	1	1	1	1	1	1	1	1	1	1	1	1	0.999998	0.999991	0.999963	0.999869	0.999574	0.998739	0.996581	0.991493	0.980526	0.958883	0.919739	0.854791	0.755859	0.617424	0.439389	0.228884	0	
0	0.228884	0.439389	0.617424	0.755859	0.854791	0.919739	0.958883	0.980526	0.991493	0.996581	0.998739	0.999574	0.999869	0.999963	0.999991	0.999998	1	1	1	1	1	1	1	1	1	1	1	1	1	1	1	1	1	1	1	1	1	1	1	1	1	1	0.999998	0.999991	0.999963	0.999869	0.999574	0.998739	0.996581	0.991493	0.980526	0.958883	0.919739	0.854791	0.755859	0.617424	0.439389	0.228884	0	
0	0.228884	0.439389	0.617424	0.755859	0.854791	0.919739	0.958883	0.980526	0.991493	0.996581	0.998739	0.999574	0.999869	0.999963	0.999991	0.999998	1	1	1	1	1	1	1	1	1	1	1	1	1	1	1	1	1	1	1	1	1	1	1	1	1	1	0.999998	0.999991	0.999963	0.999869	0.999574	0.998739	0.996581	0.991493	0.980526	0.958883	0.919739	0.854791	0.755859	0.617424	0.439389	0.228884	0	
0	0.228884	0.439389	0.617424	0.755859	0.854791	0.919739	0.958883	0.980526	0.991493	0.996581	0.998739	0.999574	0.999869	0.999963	0.999991	0.999998	1	1	1	1	1	1	1	1	1	1	1	1	1	1	1	1	1	1	1	1	1	1	1	1	1	1	0.999998	0.999991	0.999963	0.999869	0.999574	0.998739	0.996581	0.991493	0.980526	0.958883	0.919739	0.854791	0.755859	0.617424	0.439389	0.228884	0	
0	0.228884	0.439389	0.617424	0.755859	0.854791	0.919739	0.958883	0.980526	0.991493	0.996581	0.998739	0.999574	0.999869	0.999963	0.999991	0.999998	1	1	1	1	1	1	1	1	1	1	1	1	1	1	1	1	1	1	1	1	1	1	1	1	1	1	0.999998	0.999991	0.999963	0.999869	0.999574	0.998739	0.996581	0.991493	0.980526	0.958883	0.919739	0.854791	0.755859	0.617424	0.439389	0.228884	0	
0	0.228884	0.439389	0.617424	0.755859	0.854791	0.919739	0.958883	0.980526	0.991493	0.996581	0.998739	0.999574	0.999869	0.999963	0.999991	0.999998	1	1	1	1	1	1	1	1	1	1	1	1	1	1	1	1	1	1	1	1	1	1	1	1	1	1	0.999998	0.999991	0.999963	0.999869	0.999574	0.998739	0.996581	0.991493	0.980526	0.958883	0.919739	0.854791	0.755859	0.617424	0.439389	0.228884	0	
0	0.228884	0.439389	0.617424	0.755859	0.854791	0.919739	0.958883	0.980526	0.991493	0.996581	0.998739	0.999574	0.999869	0.999963	0.999991	0.999998	1	1	1	1	1	1	1	1	1	1	1	1	1	1	1	1	1	1	1	1	1	1	1	1	1	1	0.999998	0.999991	0.999963	0.999869	0.999574	0.998739	0.996581	0.991493	0.980526	0.958883	0.919739	0.854791	0.755859	0.617424	0.439389	0.228884	0	
0	0.228884	0.439389	0.617424	0.755859	0.854791	0.919739	0.958883	0.980526	0.991493	0.996581	0.998739	0.999574	0.999869	0.999963	0.999991	0.999998	1	1	1	1	1	1	1	1	1	1	1	1	1	1	1	1	1	1	1	1	1	1	1	1	1	1	0.999998	0.999991	0.999963	0.999869	0.999574	0.998739	0.996581	0.991493	0.980526	0.958883	0.919739	0.854791	0.755859	0.617424	0.439389	0.228884	0	
0	0.228884	0.439389	0.617424	0.755859	0.854791	0.919739	0.958883	0.980526	0.991493	0.996581	0.998739	0.999574	0.999869	0.999963	0.999991	0.999998	1	1	1	1	1	1	1	1	1	1	1	1	1	1	1	1	1	1	1	1	1	1	1	1	1	1	0.999998	0.999991	0.999963	0.999869	0.999574	0.998739	0.996581	0.991493	0.980526	0.958883	0.919739	0.854791	0.755859	0.617424	0.439389	0.228884	0	
0	0.228884	0.439389	0.617424	0.755859	0.854791	0.919739	0.958883	0.980526	0.991493	0.996581	0.998739	0.999574	0.999869	0.999963	0.999991	0.999998	1	1	1	1	1	1	1	1	1	1	1	1	1	1	1	1	1	1	1	1	1	1	1	1	1	1	0.999998	0.999991	0.999963	0.999869	0.999574	0.998739	0.996581	0.991493	0.980526	0.958883	0.919739	0.854791	0.755859	0.617424	0.439389	0.228884	0	
0	0.228884	0.439389	0.617424	0.755859	0.854791	0.919739	0.958883	0.980526	0.991493	0.996581	0.998739	0.999574	0.999869	0.999963	0.999991	0.999998	0.999999	1	1	1	1	1	1	1	1	1	1	1	1	1	1	1	1	1	1	1	1	1	1	1	1	0.999999	0.999998	0.999991	0.999963	0.999869	0.999574	0.998739	0.996581	0.991493	0.980526	0.958883	0.919739	0.854791	0.755859	0.617424	0.439389	0.228884	0	
0	0.228884	0.439389	0.617423	0.755859	0.85479	0.919738	0.958883	0.980526	0.991493	0.99658	0.998738	0.999574	0.999868	0.999963	0.99999	0.999997	0.999999	0.999999	1	1	1	1	1	1	1	1	1	1	1	1	1	1	1	1	1	1	1	1	1	1	0.999999	0.999999	0.999997	0.99999	0.999963	0.999868	0.999574	0.998738	0.99658	0.991493	0.980526	0.958883	0.919738	0.85479	0.755859	0.617423	0.439389	0.228884	0	
0	0.228884	0.439388	0.617422	0.755857	0.854789	0.919737	0.958881	0.980524	0.991491	0.996579	0.998737	0.999572	0.999867	0.999961	0.999988	0.999996	0.999997	0.999998	0.999998	0.999998	0.999998	0.999998	0.999998	0.999998	0.999998	0.999998	0.999998	0.999998	0.999998	0.999998	0.999998	0.999998	0.999998	0.999998	0.999998	0.999998	0.999998	0.999998	0.999998	0.999998	0.999998	0.999997	0.999996	0.999988	0.999961	0.999867	0.999572	0.998737	0.996579	0.991491	0.980524	0.958881	0.919737	0.854789	0.755857	0.617422	0.439388	0.228884	0	
0	0.228882	0.439384	0.617417	0.755851	0.854782	0.91973	0.958874	0.980517	0.991484	0.996572	0.998729	0.999565	0.999859	0.999954	0.999981	0.999988	0.99999	0.999991	0.999991	0.999991	0.999991	0.999991	0.999991	0.999991	0.999991	0.999991	0.999991	0.999991	0.999991	0.999991	0.999991	0.999991	0.999991	0.999991	0.999991	0.999991	0.999991	0.999991	0.999991	0.999991	0.999991	0.99999	0.999988	0.999981	0.999954	0.999859	0.999565	0.998729	0.996572	0.991484	0.980517	0.958874	0.91973	0.854782	0.755851	0.617417	0.439384	0.228882	0	
0	0.228874	0.43937	0.617398	0.755828	0.854757	0.919703	0.958847	0.980489	0.991456	0.996544	0.998702	0.999537	0.999832	0.999926	0.999954	0.999961	0.999963	0.999963	0.999963	0.999963	0.999963	0.999963	0.999963	0.999963	0.999963	0.999963	0.999963	0.999963	0.999963	0.999963	0.999963	0.999963	0.999963	0.999963	0.999963	0.999963	0.999963	0.999963	0.999963	0.999963	0.999963	0.999963	0.999961	0.999954	0.999926	0.999832	0.999537	0.998702	0.996544	0.991456	0.980489	0.958847	0.919703	0.854757	0.755828	0.617398	0.43937	0.228874	0	
0	0.22885	0.439324	0.617334	0.755751	0.854672	0.919613	0.958754	0.980396	0.991362	0.99645	0.998607	0.999443	0.999737	0.999832	0.999859	0.999867	0.999868	0.999869	0.999869	0.999869	0.999869	0.999869	0.999869	0.999869	0.999869	0.999869	0.999869	0.999869	0.999869	0.999869	0.999869	0.999869	0.999869	0.999869	0.999869	0.999869	0.999869	0.999869	0.999869	0.999869	0.999869	0.999868	0.999867	0.999859	0.999832	0.999737	0.999443	0.998607	0.99645	0.991362	0.980396	0.958754	0.919613	0.854672	0.755751	0.617334	0.439324	0.22885	0	
0	0.228775	0.439182	0.617137	0.755514	0.854408	0.919333	0.958466	0.980104	0.991068	0.996155	0.998313	0.999148	0.999443	0.999537	0.999565	0.999572	0.999574	0.999574	0.999574	0.999574	0.999574	0.999574	0.999574	0.999574	0.999574	0.999574	0.999574	0.999574	0.999574	0.999574	0.999574	0.999574	0.999574	0.999574	0.999574	0.999574	0.999574	0.999574	0.999574	0.999574	0.999574	0.999574	0.999572	0.999565	0.999537	0.999443	0.999148	0.998313	0.996155	0.991068	0.980104	0.958466	0.919333	0.854408	0.755514	0.617137	0.439182	0.228775	0	
0	0.228567	0.438785	0.616585	0.754848	0.853665	0.918544	0.957652	0.979277	0.990236	0.995321	0.997478	0.998313	0.998607	0.998702	0.998729	0.998737	0.998738	0.998739	0.998739	0.998739	0.998739	0.998739	0.998739	0.998739	0.998739	0.998739	0.998739	0.998739	0.998739	0.998739	0.998739	0.998739	0.998739	0.998739	0.998739	0.998739	0.998739	0.998739	0.998739	0.998739	0.998739	0.998738	0.998737	0.998729	0.998702	0.998607	0.998313	0.997478	0.995321	0.990236	0.979277	0.957652	0.918544	0.853665	0.754848	0.616585	0.438785	0.228567	0	
0	0.228038	0.437775	0.615179	0.753144	0.851759	0.916515	0.955553	0.977144	0.988088	0.993166	0.995321	0.996155	0.99645	0.996544	0.996572	0.996579	0.99658	0.996581	0.996581	0.996581	0.996581	0.996581	0.996581	0.996581	0.996581	0.996581	0.996581	0.996581	0.996581	0.996581	0.996581	0.996581	0.996581	0.996581	0.996581	0.996581	0.996581	0.996581	0.996581	0.996581	0.996581	0.99658	0.996579	0.996572	0.996544	0.99645	0.996155	0.995321	0.993166	0.988088	0.977144	0.955553	0.916515	0.851759	0.753144	0.615179	0.437775	0.228038	0	
0	0.226808	0.435424	0.611899	0.749163	0.847296	0.911751	0.950619	0.972123	0.983026	0.988088	0.990236	0.991068	0.991362	0.991456	0.991484	0.991491	0.991493	0.991493	0.991493	0.991493	0.991493	0.991493	0.991493	0.991493	0.991493	0.991493	0.991493	0.991493	0.991493	0.991493	0.991493	0.991493	0.991493	0.991493	0.991493	0.991493	0.991493	0.991493	0.991493	0.991493	0.991493	0.991493	0.991491	0.991484	0.991456	0.991362	0.991068	0.990236	0.988088	0.983026	0.972123	0.950619	0.911751	0.847296	0.749163	0.611899	0.435424	0.226808	0	
0	0.22419	0.430417	0.6049	0.740648	0.837731	0.901522	0.940009	0.961313	0.972123	0.977144	0.979277	0.980104	0.980396	0.980489	0.980517	0.980524	0.980526	0.980526	0.980526	0.980526	0.980526	0.980526	0.980526	0.980526	0.980526	0.980526	0.980526	0.980526	0.980526	0.980526	0.980526	0.980526	0.980526	0.980526	0.980526	0.980526	0.980526	0.980526	0.980526	0.980526	0.980526	0.980526	0.980524	0.980517	0.980489	0.980396	0.980104	0.979277	0.977144	0.972123	0.961313	0.940009	0.901522	0.837731	0.740648	0.6049	0.430417	0.22419	0	
0	0.219083	0.420637	0.591209	0.723965	0.818954	0.881409	0.919117	0.940009	0.950619	0.955553	0.957652	0.958466	0.958754	0.958847	0.958874	0.958881	0.958883	0.958883	0.958883	0.958883	0.958883	0.958883	0.958883	0.958883	0.958883	0.958883	0.958883	0.958883	0.958883	0.958883	0.958883	0.958883	0.958883	0.958883	0.958883	0.958883	0.958883	0.958883	0.958883	0.958883	0.958883	0.958883	0.958881	0.958874	0.958847	0.958754	0.958466	0.957652	0.955553	0.950619	0.940009	0.919117	0.881409	0.818954	0.723965	0.591209	0.420637	0.219083	0	
0	0.209936	0.403106	0.566637	0.693977	0.785151	0.845148	0.881409	0.901522	0.911751	0.916515	0.918544	0.919333	0.919613	0.919703	0.91973	0.919737	0.919738	0.919739	0.919739	0.919739	0.919739	0.919739	0.919739	0.919739	0.919739	0.919739	0.919739	0.919739	0.919739	0.919739	0.919739	0.919739	0.919739	0.919739	0.919739	0.919739	0.919739	0.919739	0.919739	0.919739	0.919739	0.919738	0.919737	0.91973	0.919703	0.919613	0.919333	0.918544	0.916515	0.911751	0.901522	0.881409	0.845148	0.785151	0.693977	0.566637	0.403106	0.209936	0	
0	0.194884	0.37424	0.526135	0.644485	0.72929	0.785151	0.818954	0.837731	0.847296	0.851759	0.853665	0.854408	0.854672	0.854757	0.854782	0.854789	0.85479	0.854791	0.854791	0.854791	0.854791	0.854791	0.854791	0.854791	0.854791	0.854791	0.854791	0.854791	0.854791	0.854791	0.854791	0.854791	0.854791	0.854791	0.854791	0.854791	0.854791	0.854791	0.854791	0.854791	0.854791	0.85479	0.854789	0.854782	0.854757	0.854672	0.854408	0.853665	0.851759	0.847296	0.837731	0.818954	0.785151	0.72929	0.644485	0.526135	0.37424	0.194884	0	
0	0.172113	0.330545	0.464777	0.56943	0.644485	0.693977	0.723965	0.740648	0.749163	0.753144	0.754848	0.755514	0.755751	0.755828	0.755851	0.755857	0.755859	0.755859	0.755859	0.755859	0.755859	0.755859	0.755859	0.755859	0.755859	0.755859	0.755859	0.755859	0.755859	0.755859	0.755859	0.755859	0.755859	0.755859	0.755859	0.755859	0.755859	0.755859	0.755859	0.755859	0.755859	0.755859	0.755857	0.755851	0.755828	0.755751	0.755514	0.754848	0.753144	0.749163	0.740648	0.723965	0.693977	0.644485	0.56943	0.464777	0.330545	0.172113	0	
0	0.140423	0.269709	0.379291	0.464777	0.526135	0.566637	0.591209	0.6049	0.611899	0.615179	0.616585	0.617137	0.617334	0.617398	0.617417	0.617422	0.617423	0.617424	0.617424	0.617424	0.617424	0.617424	0.617424	0.617424	0.617424	0.617424	0.617424	0.617424	0.617424	0.617424	0.617424	0.617424	0.617424	0.617424	0.617424	0.617424	0.617424	0.617424	0.617424	0.617424	0.617424	0.617423	0.617422	0.617417	0.617398	0.617334	0.617137	0.616585	0.615179	0.611899	0.6049	0.591209	0.566637	0.526135	0.464777	0.379291	0.269709	0.140423	0	
0	0.0998333	0.191764	0.269709	0.330545	0.37424	0.403106	0.420637	0.430417	0.435424	0.437775	0.438785	0.439182	0.439324	0.43937	0.439384	0.439388	0.439389	0.439389	0.439389	0.439389	0.439389	0.439389	0.439389	0.439389	0.439389	0.439389	0.439389	0.439389	0.439389	0.439389	0.439389	0.439389	0.439389	0.439389	0.439389	0.439389	0.439389	0.439389	0.439389	0.439389	0.439389	0.439389	0.439388	0.439384	0.43937	0.439324	0.439182	0.438785	0.437775	0.435424	0.430417	0.420637	0.403106	0.37424	0.330545	0.269709	0.191764	0.0998333	0	
0	0.051971	0.0998333	0.140423	0.172113	0.194884	0.209936	0.219083	0.22419	0.226808	0.228038	0.228567	0.228775	0.22885	0.228874	0.228882	0.228884	0.228884	0.228884	0.228884	0.228884	0.228884	0.228884	0.228884	0.228884	0.228884	0.228884	0.228884	0.228884	0.228884	0.228884	0.228884	0.228884	0.228884	0.228884	0.228884	0.228884	0.228884	0.228884	0.228884	0.228884	0.228884	0.228884	0.228884	0.228882	0.228874	0.22885	0.228775	0.228567	0.228038	0.226808	0.22419	0.219083	0.209936	0.194884	0.172113	0.140423	0.0998333	0.051971	0	
0	0	0	0	0	0	0	0	0	0	0	0	0	0	0	0	0	0	0	0	0	0	0	0	0	0	0	0	0	0	0	0	0	0	0	0	0	0	0	0	0	0	0	0	0	0	0	0	0	0	0	0	0	0	0	0	0	0	0	0	
