0	0	0	0	0	0	0	0	0	0	0	0	0	0	0	0	0	0	0	0	0	0	0	0	0	0	0	0	0	0	0	0	0	0	0	0	0	0	0	0	0	0	0	0	0	0	0	0	0	0	0	0	0	0	0	0	0	0	0	0	
0	0.0190321	0.0375019	0.0548965	0.0707942	0.0848941	0.0970295	0.107165	0.115378	0.121837	0.126765	0.130413	0.133033	0.134858	0.136092	0.1369	0.137414	0.137731	0.137921	0.138031	0.138093	0.138126	0.138144	0.138153	0.138158	0.13816	0.138161	0.138161	0.138161	0.138162	0.138162	0.138161	0.138161	0.138161	0.13816	0.138158	0.138153	0.138144	0.138126	0.138093	0.138031	0.137921	0.137731	0.137414	0.1369	0.136092	0.134858	0.133033	0.130413	0.126765	0.121837	0.115378	0.107165	0.0970295	0.0848941	0.0707942	0.0548965	0.0375019	0.0190321	0	
0	0.0375019	0.0738957	0.10817	0.139495	0.167277	0.191187	0.211156	0.227338	0.240063	0.249771	0.256957	0.262117	0.265712	0.268142	0.269734	0.270747	0.271371	0.271744	0.27196	0.272082	0.272148	0.272183	0.272201	0.27221	0.272214	0.272216	0.272217	0.272217	0.272217	0.272217	0.272217	0.272217	0.272216	0.272214	0.27221	0.272201	0.272183	0.272148	0.272082	0.27196	0.271744	0.271371	0.270747	0.269734	0.268142	0.265712	0.262117	0.256957	0.249771	0.240063	0.227338	0.211156	0.191187	0.167277	0.139495	0.10817	0.0738957	0.0375019	0	
0	0.0548965	0.10817	0.158342	0.204193	0.244858	0.279854	0.30908	0.332762	0.351383	0.365588	0.376102	0.383652	0.388911	0.392464	0.394793	0.396273	0.397186	0.397732	0.398048	0.398225	0.398322	0.398373	0.398399	0.398412	0.398419	0.398422	0.398423	0.398423	0.398424	0.398424	0.398423	0.398423	0.398422	0.398419	0.398412	0.398399	0.398373	0.398322	0.398225	0.398048	0.397732	0.397186	0.396273	0.394793	0.392464	0.388911	0.383652	0.376102	0.365588	0.351383	0.332762	0.30908	0.279854	0.244858	0.204193	0.158342	0.10817	0.0548965	0	
0	0.0707942	0.139495	0.204193	0.26332	0.315754	0.360877	0.398558	0.429089	0.453092	0.471401	0.484951	0.49468	0.501456	0.506033	0.509033	0.510939	0.512114	0.512817	0.513224	0.513452	0.513577	0.513642	0.513676	0.513693	0.513701	0.513704	0.513706	0.513707	0.513707	0.513707	0.513707	0.513706	0.513704	0.513701	0.513693	0.513676	0.513642	0.513577	0.513452	0.513224	0.512817	0.512114	0.510939	0.509033	0.506033	0.501456	0.49468	0.484951	0.471401	0.453092	0.429089	0.398558	0.360877	0.315754	0.26332	0.204193	0.139495	0.0707942	0	
0	0.0848941	0.167277	0.244858	0.315754	0.378624	0.432723	0.477895	0.514492	0.543262	0.565204	0.581441	0.593096	0.601213	0.606695	0.610287	0.612569	0.613975	0.614816	0.615302	0.615576	0.615725	0.615803	0.615843	0.615863	0.615873	0.615877	0.615879	0.61588	0.61588	0.61588	0.61588	0.615879	0.615877	0.615873	0.615863	0.615843	0.615803	0.615725	0.615576	0.615302	0.614816	0.613975	0.612569	0.610287	0.606695	0.601213	0.593096	0.581441	0.565204	0.543262	0.514492	0.477895	0.432723	0.378624	0.315754	0.244858	0.167277	0.0848941	0	
0	0.0970295	0.191187	0.279854	0.360877	0.432723	0.494541	0.546153	0.587964	0.620828	0.64589	0.664431	0.677739	0.687005	0.693262	0.69736	0.699964	0.701568	0.702526	0.703081	0.703392	0.703562	0.703651	0.703697	0.703719	0.70373	0.703735	0.703737	0.703738	0.703739	0.703739	0.703738	0.703737	0.703735	0.70373	0.703719	0.703697	0.703651	0.703562	0.703392	0.703081	0.702526	0.701568	0.699964	0.69736	0.693262	0.687005	0.677739	0.664431	0.64589	0.620828	0.587964	0.546153	0.494541	0.432723	0.360877	0.279854	0.191187	0.0970295	0	
0	0.107165	0.211156	0.30908	0.398558	0.477895	0.546153	0.603137	0.649294	0.685569	0.713228	0.733688	0.74837	0.75859	0.76549	0.770009	0.772879	0.774646	0.775701	0.776312	0.776655	0.776842	0.77694	0.776991	0.777015	0.777027	0.777033	0.777035	0.777036	0.777037	0.777037	0.777036	0.777035	0.777033	0.777027	0.777015	0.776991	0.77694	0.776842	0.776655	0.776312	0.775701	0.774646	0.772879	0.770009	0.76549	0.75859	0.74837	0.733688	0.713228	0.685569	0.649294	0.603137	0.546153	0.477895	0.398558	0.30908	0.211156	0.107165	0	
0	0.115378	0.227338	0.332762	0.429089	0.514492	0.587964	0.649294	0.698966	0.737998	0.767755	0.789762	0.805552	0.816541	0.823959	0.828815	0.831899	0.833797	0.83493	0.835586	0.835954	0.836155	0.83626	0.836314	0.836341	0.836353	0.836359	0.836362	0.836363	0.836363	0.836363	0.836363	0.836362	0.836359	0.836353	0.836341	0.836314	0.83626	0.836155	0.835954	0.835586	0.83493	0.833797	0.831899	0.828815	0.823959	0.816541	0.805552	0.789762	0.767755	0.737998	0.698966	0.649294	0.587964	0.514492	0.429089	0.332762	0.227338	0.115378	0	
0	0.121837	0.240063	0.351383	0.453092	0.543262	0.620828	0.685569	0.737998	0.779191	0.81059	0.83381	0.850465	0.862055	0.869876	0.874996	0.878245	0.880246	0.881439	0.88213	0.882517	0.882728	0.882839	0.882896	0.882924	0.882937	0.882943	0.882946	0.882947	0.882948	0.882948	0.882947	0.882946	0.882943	0.882937	0.882924	0.882896	0.882839	0.882728	0.882517	0.88213	0.881439	0.880246	0.878245	0.874996	0.869876	0.862055	0.850465	0.83381	0.81059	0.779191	0.737998	0.685569	0.620828	0.543262	0.453092	0.351383	0.240063	0.121837	0	
0	0.126765	0.249771	0.365588	0.471401	0.565204	0.64589	0.713228	0.767755	0.81059	0.843238	0.867376	0.884688	0.896732	0.904859	0.910177	0.913552	0.915629	0.916868	0.917585	0.917986	0.918205	0.91832	0.918379	0.918408	0.918422	0.918428	0.918431	0.918432	0.918433	0.918433	0.918432	0.918431	0.918428	0.918422	0.918408	0.918379	0.91832	0.918205	0.917986	0.917585	0.916868	0.915629	0.913552	0.910177	0.904859	0.896732	0.884688	0.867376	0.843238	0.81059	0.767755	0.713228	0.64589	0.565204	0.471401	0.365588	0.249771	0.126765	0	
0	0.130413	0.256957	0.376102	0.484951	0.581441	0.664431	0.733688	0.789762	0.83381	0.867376	0.89219	0.909985	0.922362	0.930712	0.936176	0.939642	0.941775	0.943047	0.943783	0.944195	0.944419	0.944537	0.944597	0.944627	0.944641	0.944648	0.944651	0.944652	0.944653	0.944653	0.944652	0.944651	0.944648	0.944641	0.944627	0.944597	0.944537	0.944419	0.944195	0.943783	0.943047	0.941775	0.939642	0.936176	0.930712	0.922362	0.909985	0.89219	0.867376	0.83381	0.789762	0.733688	0.664431	0.581441	0.484951	0.376102	0.256957	0.130413	0	
0	0.133033	0.262117	0.383652	0.49468	0.593096	0.677739	0.74837	0.805552	0.850465	0.884688	0.909985	0.928123	0.940738	0.949246	0.954813	0.958344	0.960516	0.961811	0.96256	0.96298	0.963208	0.963328	0.963389	0.96342	0.963434	0.963441	0.963444	0.963445	0.963446	0.963446	0.963445	0.963444	0.963441	0.963434	0.96342	0.963389	0.963328	0.963208	0.96298	0.96256	0.961811	0.960516	0.958344	0.954813	0.949246	0.940738	0.928123	0.909985	0.884688	0.850465	0.805552	0.74837	0.677739	0.593096	0.49468	0.383652	0.262117	0.133033	0	
0	0.134858	0.265712	0.388911	0.501456	0.601213	0.687005	0.75859	0.816541	0.862055	0.896732	0.922362	0.940738	0.953516	0.962134	0.967771	0.971346	0.973545	0.974857	0.975615	0.976039	0.97627	0.976391	0.976453	0.976484	0.976499	0.976505	0.976508	0.97651	0.97651	0.97651	0.97651	0.976508	0.976505	0.976499	0.976484	0.976453	0.976391	0.97627	0.976039	0.975615	0.974857	0.973545	0.971346	0.967771	0.962134	0.953516	0.940738	0.922362	0.896732	0.862055	0.816541	0.75859	0.687005	0.601213	0.501456	0.388911	0.265712	0.134858	0	
0	0.136092	0.268142	0.392464	0.506033	0.606695	0.693262	0.76549	0.823959	0.869876	0.904859	0.930712	0.949246	0.962134	0.970825	0.976509	0.980114	0.982331	0.983652	0.984416	0.984844	0.985077	0.985199	0.985261	0.985292	0.985307	0.985314	0.985317	0.985318	0.985319	0.985319	0.985318	0.985317	0.985314	0.985307	0.985292	0.985261	0.985199	0.985077	0.984844	0.984416	0.983652	0.982331	0.980114	0.976509	0.970825	0.962134	0.949246	0.930712	0.904859	0.869876	0.823959	0.76549	0.693262	0.606695	0.506033	0.392464	0.268142	0.136092	0	
0	0.1369	0.269734	0.394793	0.509033	0.610287	0.69736	0.770009	0.828815	0.874996	0.910177	0.936176	0.954813	0.967771	0.976509	0.982223	0.985847	0.988075	0.989404	0.990171	0.990602	0.990835	0.990958	0.991021	0.991052	0.991066	0.991073	0.991076	0.991078	0.991078	0.991078	0.991078	0.991076	0.991073	0.991066	0.991052	0.991021	0.990958	0.990835	0.990602	0.990171	0.989404	0.988075	0.985847	0.982223	0.976509	0.967771	0.954813	0.936176	0.910177	0.874996	0.828815	0.770009	0.69736	0.610287	0.509033	0.394793	0.269734	0.1369	0	
0	0.137414	0.270747	0.396273	0.510939	0.612569	0.699964	0.772879	0.831899	0.878245	0.913552	0.939642	0.958344	0.971346	0.980114	0.985847	0.989483	0.991718	0.993051	0.993821	0.994252	0.994486	0.994609	0.994672	0.994703	0.994718	0.994725	0.994728	0.994729	0.99473	0.99473	0.994729	0.994728	0.994725	0.994718	0.994703	0.994672	0.994609	0.994486	0.994252	0.993821	0.993051	0.991718	0.989483	0.985847	0.980114	0.971346	0.958344	0.939642	0.913552	0.878245	0.831899	0.772879	0.699964	0.612569	0.510939	0.396273	0.270747	0.137414	0	
0	0.137731	0.271371	0.397186	0.512114	0.613975	0.701568	0.774646	0.833797	0.880246	0.915629	0.941775	0.960516	0.973545	0.982331	0.988075	0.991718	0.993958	0.995293	0.996064	0.996496	0.996731	0.996854	0.996917	0.996948	0.996963	0.99697	0.996973	0.996974	0.996975	0.996975	0.996974	0.996973	0.99697	0.996963	0.996948	0.996917	0.996854	0.996731	0.996496	0.996064	0.995293	0.993958	0.991718	0.988075	0.982331	0.973545	0.960516	0.941775	0.915629	0.880246	0.833797	0.774646	0.701568	0.613975	0.512114	0.397186	0.271371	0.137731	0	
0	0.137921	0.271744	0.397732	0.512817	0.614816	0.702526	0.775701	0.83493	0.881439	0.916868	0.943047	0.961811	0.974857	0.983652	0.989404	0.993051	0.995293	0.996629	0.997401	0.997834	0.998069	0.998192	0.998255	0.998286	0.998301	0.998308	0.998311	0.998313	0.998313	0.998313	0.998313	0.998311	0.998308	0.998301	0.998286	0.998255	0.998192	0.998069	0.997834	0.997401	0.996629	0.995293	0.993051	0.989404	0.983652	0.974857	0.961811	0.943047	0.916868	0.881439	0.83493	0.775701	0.702526	0.614816	0.512817	0.397732	0.271744	0.137921	0	
0	0.138031	0.27196	0.398048	0.513224	0.615302	0.70308	0.776312	0.835586	0.88213	0.917584	0.943783	0.96256	0.975614	0.984416	0.990171	0.993821	0.996064	0.997401	0.998174	0.998607	0.998842	0.998965	0.999028	0.99906	0.999074	0.999081	0.999084	0.999086	0.999086	0.999086	0.999086	0.999084	0.999081	0.999074	0.99906	0.999028	0.998965	0.998842	0.998607	0.998174	0.997401	0.996064	0.993821	0.990171	0.984416	0.975614	0.96256	0.943783	0.917584	0.88213	0.835586	0.776312	0.70308	0.615302	0.513224	0.398048	0.27196	0.138031	0	
0	0.138093	0.272082	0.398225	0.513452	0.615576	0.703392	0.776655	0.835954	0.882517	0.917986	0.944195	0.96298	0.976039	0.984844	0.990601	0.994252	0.996496	0.997834	0.998607	0.99904	0.999275	0.999398	0.999461	0.999492	0.999507	0.999514	0.999517	0.999519	0.999519	0.999519	0.999519	0.999517	0.999514	0.999507	0.999492	0.999461	0.999398	0.999275	0.99904	0.998607	0.997834	0.996496	0.994252	0.990601	0.984844	0.976039	0.96298	0.944195	0.917986	0.882517	0.835954	0.776655	0.703392	0.615576	0.513452	0.398225	0.272082	0.138093	0	
0	0.138126	0.272148	0.398322	0.513576	0.615724	0.703561	0.776841	0.836154	0.882727	0.918204	0.944418	0.963207	0.976269	0.985076	0.990834	0.994485	0.99673	0.998068	0.998841	0.999274	0.999509	0.999633	0.999696	0.999727	0.999742	0.999749	0.999752	0.999753	0.999754	0.999754	0.999753	0.999752	0.999749	0.999742	0.999727	0.999696	0.999633	0.999509	0.999274	0.998841	0.998068	0.99673	0.994485	0.990834	0.985076	0.976269	0.963207	0.944418	0.918204	0.882727	0.836154	0.776841	0.703561	0.615724	0.513576	0.398322	0.272148	0.138126	0	
0	0.138144	0.272182	0.398372	0.513641	0.615802	0.703649	0.776938	0.836258	0.882837	0.918318	0.944535	0.963326	0.976389	0.985197	0.990956	0.994607	0.996852	0.99819	0.998963	0.999396	0.999631	0.999755	0.999818	0.999849	0.999864	0.999871	0.999874	0.999875	0.999876	0.999876	0.999875	0.999874	0.999871	0.999864	0.999849	0.999818	0.999755	0.999631	0.999396	0.998963	0.99819	0.996852	0.994607	0.990956	0.985197	0.976389	0.963326	0.944535	0.918318	0.882837	0.836258	0.776938	0.703649	0.615802	0.513641	0.398372	0.272182	0.138144	0	
0	0.138152	0.272199	0.398397	0.513673	0.61584	0.703693	0.776986	0.836309	0.882891	0.918374	0.944592	0.963384	0.976448	0.985256	0.991015	0.994667	0.996912	0.99825	0.999023	0.999456	0.999691	0.999815	0.999878	0.999909	0.999924	0.999931	0.999934	0.999935	0.999936	0.999936	0.999935	0.999934	0.999931	0.999924	0.999909	0.999878	0.999815	0.999691	0.999456	0.999023	0.99825	0.996912	0.994667	0.991015	0.985256	0.976448	0.963384	0.944592	0.918374	0.882891	0.836309	0.776986	0.703693	0.61584	0.513673	0.398397	0.272199	0.138152	0	
0	0.138156	0.272206	0.398407	0.513686	0.615855	0.70371	0.777006	0.83633	0.882913	0.918396	0.944615	0.963408	0.976472	0.98528	0.991039	0.994691	0.996936	0.998274	0.999047	0.99948	0.999716	0.999839	0.999902	0.999933	0.999948	0.999955	0.999958	0.99996	0.99996	0.99996	0.99996	0.999958	0.999955	0.999948	0.999933	0.999902	0.999839	0.999716	0.99948	0.999047	0.998274	0.996936	0.994691	0.991039	0.98528	0.976472	0.963408	0.944615	0.918396	0.882913	0.83633	0.777006	0.70371	0.615855	0.513686	0.398407	0.272206	0.138156	0	
0	0.138156	0.272206	0.398407	0.513686	0.615855	0.70371	0.777006	0.83633	0.882913	0.918396	0.944615	0.963408	0.976472	0.98528	0.991039	0.994691	0.996936	0.998274	0.999047	0.99948	0.999716	0.999839	0.999902	0.999933	0.999948	0.999955	0.999958	0.99996	0.99996	0.99996	0.99996	0.999958	0.999955	0.999948	0.999933	0.999902	0.999839	0.999716	0.99948	0.999047	0.998274	0.996936	0.994691	0.991039	0.98528	0.976472	0.963408	0.944615	0.918396	0.882913	0.83633	0.777006	0.70371	0.615855	0.513686	0.398407	0.272206	0.138156	0	
0	0.138152	0.272199	0.398397	0.513673	0.61584	0.703693	0.776986	0.836309	0.882891	0.918374	0.944592	0.963384	0.976448	0.985256	0.991015	0.994667	0.996912	0.99825	0.999023	0.999456	0.999691	0.999815	0.999878	0.999909	0.999924	0.999931	0.999934	0.999935	0.999936	0.999936	0.999935	0.999934	0.999931	0.999924	0.999909	0.999878	0.999815	0.999691	0.999456	0.999023	0.99825	0.996912	0.994667	0.991015	0.985256	0.976448	0.963384	0.944592	0.918374	0.882891	0.836309	0.776986	0.703693	0.61584	0.513673	0.398397	0.272199	0.138152	0	
0	0.138144	0.272182	0.398372	0.513641	0.615802	0.703649	0.776938	0.836258	0.882837	0.918318	0.944535	0.963326	0.976389	0.985197	0.990956	0.994607	0.996852	0.99819	0.998963	0.999396	0.999631	0.999755	0.999818	0.999849	0.999864	0.999871	0.999874	0.999875	0.999876	0.999876	0.999875	0.999874	0.999871	0.999864	0.999849	0.999818	0.999755	0.999631	0.999396	0.998963	0.99819	0.996852	0.994607	0.990956	0.985197	0.976389	0.963326	0.944535	0.918318	0.882837	0.836258	0.776938	0.703649	0.615802	0.513641	0.398372	0.272182	0.138144	0	
0	0.138126	0.272148	0.398322	0.513576	0.615724	0.703561	0.776841	0.836154	0.882727	0.918204	0.944418	0.963207	0.976269	0.985076	0.990834	0.994485	0.99673	0.998068	0.998841	0.999274	0.999509	0.999633	0.999696	0.999727	0.999742	0.999749	0.999752	0.999753	0.999754	0.999754	0.999753	0.999752	0.999749	0.999742	0.999727	0.999696	0.999633	0.999509	0.999274	0.998841	0.998068	0.99673	0.994485	0.990834	0.985076	0.976269	0.963207	0.944418	0.918204	0.882727	0.836154	0.776841	0.703561	0.615724	0.513576	0.398322	0.272148	0.138126	0	
0	0.138093	0.272082	0.398225	0.513452	0.615576	0.703392	0.776655	0.835954	0.882517	0.917986	0.944195	0.96298	0.976039	0.984844	0.990601	0.994252	0.996496	0.997834	0.998607	0.99904	0.999275	0.999398	0.999461	0.999492	0.999507	0.999514	0.999517	0.999519	0.999519	0.999519	0.999519	0.999517	0.999514	0.999507	0.999492	0.999461	0.999398	0.999275	0.99904	0.998607	0.997834	0.996496	0.994252	0.990601	0.984844	0.976039	0.96298	0.944195	0.917986	0.882517	0.835954	0.776655	0.703392	0.615576	0.513452	0.398225	0.272082	0.138093	0	
0	0.138031	0.27196	0.398048	0.513224	0.615302	0.70308	0.776312	0.835586	0.88213	0.917584	0.943783	0.96256	0.975614	0.984416	0.990171	0.993821	0.996064	0.997401	0.998174	0.998607	0.998842	0.998965	0.999028	0.99906	0.999074	0.999081	0.999084	0.999086	0.999086	0.999086	0.999086	0.999084	0.999081	0.999074	0.99906	0.999028	0.998965	0.998842	0.998607	0.998174	0.997401	0.996064	0.993821	0.990171	0.984416	0.975614	0.96256	0.943783	0.917584	0.88213	0.835586	0.776312	0.70308	0.615302	0.513224	0.398048	0.27196	0.138031	0	
0	0.137921	0.271744	0.397732	0.512817	0.614816	0.702526	0.775701	0.83493	0.881439	0.916868	0.943047	0.961811	0.974857	0.983652	0.989404	0.993051	0.995293	0.996629	0.997401	0.997834	0.998069	0.998192	0.998255	0.998286	0.998301	0.998308	0.998311	0.998313	0.998313	0.998313	0.998313	0.998311	0.998308	0.998301	0.998286	0.998255	0.998192	0.998069	0.997834	0.997401	0.996629	0.995293	0.993051	0.989404	0.983652	0.974857	0.961811	0.943047	0.916868	0.881439	0.83493	0.775701	0.702526	0.614816	0.512817	0.397732	0.271744	0.137921	0	
0	0.137731	0.271371	0.397186	0.512114	0.613975	0.701568	0.774646	0.833797	0.880246	0.915629	0.941775	0.960516	0.973545	0.982331	0.988075	0.991718	0.993958	0.995293	0.996064	0.996496	0.996731	0.996854	0.996917	0.996948	0.996963	0.99697	0.996973	0.996974	0.996975	0.996975	0.996974	0.996973	0.99697	0.996963	0.996948	0.996917	0.996854	0.996731	0.996496	0.996064	0.995293	0.993958	0.991718	0.988075	0.982331	0.973545	0.960516	0.941775	0.915629	0.880246	0.833797	0.774646	0.701568	0.613975	0.512114	0.397186	0.271371	0.137731	0	
0	0.137414	0.270747	0.396273	0.510939	0.612569	0.699964	0.772879	0.831899	0.878245	0.913552	0.939642	0.958344	0.971346	0.980114	0.985847	0.989483	0.991718	0.993051	0.993821	0.994252	0.994486	0.994609	0.994672	0.994703	0.994718	0.994725	0.994728	0.994729	0.99473	0.99473	0.994729	0.994728	0.994725	0.994718	0.994703	0.994672	0.994609	0.994486	0.994252	0.993821	0.993051	0.991718	0.989483	0.985847	0.980114	0.971346	0.958344	0.939642	0.913552	0.878245	0.831899	0.772879	0.699964	0.612569	0.510939	0.396273	0.270747	0.137414	0	
0	0.1369	0.269734	0.394793	0.509033	0.610287	0.69736	0.770009	0.828815	0.874996	0.910177	0.936176	0.954813	0.967771	0.976509	0.982223	0.985847	0.988075	0.989404	0.990171	0.990602	0.990835	0.990958	0.991021	0.991052	0.991066	0.991073	0.991076	0.991078	0.991078	0.991078	0.991078	0.991076	0.991073	0.991066	0.991052	0.991021	0.990958	0.990835	0.990602	0.990171	0.989404	0.988075	0.985847	0.982223	0.976509	0.967771	0.954813	0.936176	0.910177	0.874996	0.828815	0.770009	0.69736	0.610287	0.509033	0.394793	0.269734	0.1369	0	
0	0.136092	0.268142	0.392464	0.506033	0.606695	0.693262	0.76549	0.823959	0.869876	0.904859	0.930712	0.949246	0.962134	0.970825	0.976509	0.980114	0.982331	0.983652	0.984416	0.984844	0.985077	0.985199	0.985261	0.985292	0.985307	0.985314	0.985317	0.985318	0.985319	0.985319	0.985318	0.985317	0.985314	0.985307	0.985292	0.985261	0.985199	0.985077	0.984844	0.984416	0.983652	0.982331	0.980114	0.976509	0.970825	0.962134	0.949246	0.930712	0.904859	0.869876	0.823959	0.76549	0.693262	0.606695	0.506033	0.392464	0.268142	0.136092	0	
0	0.134858	0.265712	0.388911	0.501456	0.601213	0.687005	0.75859	0.816541	0.862055	0.896732	0.922362	0.940738	0.953516	0.962134	0.967771	0.971346	0.973545	0.974857	0.975615	0.976039	0.97627	0.976391	0.976453	0.976484	0.976499	0.976505	0.976508	0.97651	0.97651	0.97651	0.97651	0.976508	0.976505	0.976499	0.976484	0.976453	0.976391	0.97627	0.976039	0.975615	0.974857	0.973545	0.971346	0.967771	0.962134	0.953516	0.940738	0.922362	0.896732	0.862055	0.816541	0.75859	0.687005	0.601213	0.501456	0.388911	0.265712	0.134858	0	
0	0.133033	0.262117	0.383652	0.49468	0.593096	0.677739	0.74837	0.805552	0.850465	0.884688	0.909985	0.928123	0.940738	0.949246	0.954813	0.958344	0.960516	0.961811	0.96256	0.96298	0.963208	0.963328	0.963389	0.96342	0.963434	0.963441	0.963444	0.963445	0.963446	0.963446	0.963445	0.963444	0.963441	0.963434	0.96342	0.963389	0.963328	0.963208	0.96298	0.96256	0.961811	0.960516	0.958344	0.954813	0.949246	0.940738	0.928123	0.909985	0.884688	0.850465	0.805552	0.74837	0.677739	0.593096	0.49468	0.383652	0.262117	0.133033	0	
0	0.130413	0.256957	0.376102	0.484951	0.581441	0.664431	0.733688	0.789762	0.83381	0.867376	0.89219	0.909985	0.922362	0.930712	0.936176	0.939642	0.941775	0.943047	0.943783	0.944195	0.944419	0.944537	0.944597	0.944627	0.944641	0.944648	0.944651	0.944652	0.944653	0.944653	0.944652	0.944651	0.944648	0.944641	0.944627	0.944597	0.944537	0.944419	0.944195	0.943783	0.943047	0.941775	0.939642	0.936176	0.930712	0.922362	0.909985	0.89219	0.867376	0.83381	0.789762	0.733688	0.664431	0.581441	0.484951	0.376102	0.256957	0.130413	0	
0	0.126765	0.249771	0.365588	0.471401	0.565204	0.64589	0.713228	0.767755	0.81059	0.843238	0.867376	0.884688	0.896732	0.904859	0.910177	0.913552	0.915629	0.916868	0.917585	0.917986	0.918205	0.91832	0.918379	0.918408	0.918422	0.918428	0.918431	0.918432	0.918433	0.918433	0.918432	0.918431	0.918428	0.918422	0.918408	0.918379	0.91832	0.918205	0.917986	0.917585	0.916868	0.915629	0.913552	0.910177	0.904859	0.896732	0.884688	0.867376	0.843238	0.81059	0.767755	0.713228	0.64589	0.565204	0.471401	0.365588	0.249771	0.126765	0	
0	0.121837	0.240063	0.351383	0.453092	0.543262	0.620828	0.685569	0.737998	0.779191	0.81059	0.83381	0.850465	0.862055	0.869876	0.874996	0.878245	0.880246	0.881439	0.88213	0.882517	0.882728	0.882839	0.882896	0.882924	0.882937	0.882943	0.882946	0.882947	0.882948	0.882948	0.882947	0.882946	0.882943	0.882937	0.882924	0.882896	0.882839	0.882728	0.882517	0.88213	0.881439	0.880246	0.878245	0.874996	0.869876	0.862055	0.850465	0.83381	0.81059	0.779191	0.737998	0.685569	0.620828	0.543262	0.453092	0.351383	0.240063	0.121837	0	
0	0.115378	0.227338	0.332762	0.429089	0.514492	0.587964	0.649294	0.698966	0.737998	0.767755	0.789762	0.805552	0.816541	0.823959	0.828815	0.831899	0.833797	0.83493	0.835586	0.835954	0.836155	0.83626	0.836314	0.836341	0.836353	0.836359	0.836362	0.836363	0.836363	0.836363	0.836363	0.836362	0.836359	0.836353	0.836341	0.836314	0.83626	0.836155	0.835954	0.835586	0.83493	0.833797	0.831899	0.828815	0.823959	0.816541	0.805552	0.789762	0.767755	0.737998	0.698966	0.649294	0.587964	0.514492	0.429089	0.332762	0.227338	0.115378	0	
0	0.107165	0.211156	0.30908	0.398558	0.477895	0.546153	0.603137	0.649294	0.685569	0.713228	0.733688	0.74837	0.75859	0.76549	0.770009	0.772879	0.774646	0.775701	0.776312	0.776655	0.776842	0.77694	0.776991	0.777015	0.777027	0.777033	0.777035	0.777036	0.777037	0.777037	0.777036	0.777035	0.777033	0.777027	0.777015	0.776991	0.77694	0.776842	0.776655	0.776312	0.775701	0.774646	0.772879	0.770009	0.76549	0.75859	0.74837	0.733688	0.713228	0.685569	0.649294	0.603137	0.546153	0.477895	0.398558	0.30908	0.211156	0.107165	0	
0	0.0970295	0.191187	0.279854	0.360877	0.432723	0.494541	0.546153	0.587964	0.620828	0.64589	0.664431	0.677739	0.687005	0.693262	0.69736	0.699964	0.701568	0.702526	0.703081	0.703392	0.703562	0.703651	0.703697	0.703719	0.70373	0.703735	0.703737	0.703738	0.703739	0.703739	0.703738	0.703737	0.703735	0.70373	0.703719	0.703697	0.703651	0.703562	0.703392	0.703081	0.702526	0.701568	0.699964	0.69736	0.693262	0.687005	0.677739	0.664431	0.64589	0.620828	0.587964	0.546153	0.494541	0.432723	0.360877	0.279854	0.191187	0.0970295	0	
0	0.0848941	0.167277	0.244858	0.315754	0.378624	0.432723	0.477895	0.514492	0.543262	0.565204	0.581441	0.593096	0.601213	0.606695	0.610287	0.612569	0.613975	0.614816	0.615302	0.615576	0.615725	0.615803	0.615843	0.615863	0.615873	0.615877	0.615879	0.61588	0.61588	0.61588	0.61588	0.615879	0.615877	0.615873	0.615863	0.615843	0.615803	0.615725	0.615576	0.615302	0.614816	0.613975	0.612569	0.610287	0.606695	0.601213	0.593096	0.581441	0.565204	0.543262	0.514492	0.477895	0.432723	0.378624	0.315754	0.244858	0.167277	0.0848941	0	
0	0.0707942	0.139495	0.204193	0.26332	0.315754	0.360877	0.398558	0.429089	0.453092	0.471401	0.484951	0.49468	0.501456	0.506033	0.509033	0.510939	0.512114	0.512817	0.513224	0.513452	0.513577	0.513642	0.513676	0.513693	0.513701	0.513704	0.513706	0.513707	0.513707	0.513707	0.513707	0.513706	0.513704	0.513701	0.513693	0.513676	0.513642	0.513577	0.513452	0.513224	0.512817	0.512114	0.510939	0.509033	0.506033	0.501456	0.49468	0.484951	0.471401	0.453092	0.429089	0.398558	0.360877	0.315754	0.26332	0.204193	0.139495	0.0707942	0	
0	0.0548965	0.10817	0.158342	0.204193	0.244858	0.279854	0.30908	0.332762	0.351383	0.365588	0.376102	0.383652	0.388911	0.392464	0.394793	0.396273	0.397186	0.397732	0.398048	0.398225	0.398322	0.398373	0.398399	0.398412	0.398419	0.398422	0.398423	0.398423	0.398424	0.398424	0.398423	0.398423	0.398422	0.398419	0.398412	0.398399	0.398373	0.398322	0.398225	0.398048	0.397732	0.397186	0.396273	0.394793	0.392464	0.388911	0.383652	0.376102	0.365588	0.351383	0.332762	0.30908	0.279854	0.244858	0.204193	0.158342	0.10817	0.0548965	0	
0	0.0375019	0.0738957	0.10817	0.139495	0.167277	0.191187	0.211156	0.227338	0.240063	0.249771	0.256957	0.262117	0.265712	0.268142	0.269734	0.270747	0.271371	0.271744	0.27196	0.272082	0.272148	0.272183	0.272201	0.27221	0.272214	0.272216	0.272217	0.272217	0.272217	0.272217	0.272217	0.272217	0.272216	0.272214	0.27221	0.272201	0.272183	0.272148	0.272082	0.27196	0.271744	0.271371	0.270747	0.269734	0.268142	0.265712	0.262117	0.256957	0.249771	0.240063	0.227338	0.211156	0.191187	0.167277	0.139495	0.10817	0.0738957	0.0375019	0	
0	0.0190321	0.0375019	0.0548965	0.0707942	0.0848941	0.0970295	0.107165	0.115378	0.121837	0.126765	0.130413	0.133033	0.134858	0.136092	0.1369	0.137414	0.137731	0.137921	0.138031	0.138093	0.138126	0.138144	0.138153	0.138158	0.13816	0.138161	0.138161	0.138161	0.138162	0.138162	0.138161	0.138161	0.138161	0.13816	0.138158	0.138153	0.138144	0.138126	0.138093	0.138031	0.137921	0.137731	0.137414	0.1369	0.136092	0.134858	0.133033	0.130413	0.126765	0.121837	0.115378	0.107165	0.0970295	0.0848941	0.0707942	0.0548965	0.0375019	0.0190321	0	
0	0	0	0	0	0	0	0	0	0	0	0	0	0	0	0	0	0	0	0	0	0	0	0	0	0	0	0	0	0	0	0	0	0	0	0	0	0	0	0	0	0	0	0	0	0	0	0	0	0	0	0	0	0	0	0	0	0	0	0	
