0	0	0	0	0	0	0	0	0	0	0	0	0	0	0	0	0	0	0	0	0	0	0	0	0	0	0	0	0	0	0	0	0	0	0	0	0	0	0	0	0	0	0	0	0	0	0	0	0	0	0	0	0	0	0	0	0	0	0	0	
0	0.0356656	0.0693769	0.0994939	0.124923	0.145212	0.160509	0.171404	0.178732	0.183387	0.186178	0.187757	0.1886	0.189024	0.189225	0.189315	0.189352	0.189367	0.189373	0.189375	0.189375	0.189376	0.189376	0.189376	0.189376	0.189376	0.189376	0.189376	0.189376	0.189376	0.189376	0.189376	0.189376	0.189376	0.189376	0.189376	0.189376	0.189376	0.189376	0.189375	0.189375	0.189373	0.189367	0.189352	0.189315	0.189225	0.189024	0.1886	0.187757	0.186178	0.183387	0.178732	0.171404	0.160509	0.145212	0.124923	0.0994939	0.0693769	0.0356656	0	
0	0.0693769	0.13495	0.193527	0.242981	0.282435	0.312175	0.333351	0.347593	0.356636	0.362056	0.365122	0.366757	0.367579	0.367969	0.368143	0.368216	0.368245	0.368255	0.368259	0.36826	0.368261	0.368261	0.368261	0.368261	0.368261	0.368261	0.368261	0.368261	0.368261	0.368261	0.368261	0.368261	0.368261	0.368261	0.368261	0.368261	0.368261	0.368261	0.36826	0.368259	0.368255	0.368245	0.368216	0.368143	0.367969	0.367579	0.366757	0.365122	0.362056	0.356636	0.347593	0.333351	0.312175	0.282435	0.242981	0.193527	0.13495	0.0693769	0	
0	0.0994939	0.193527	0.27752	0.348419	0.404969	0.447584	0.477918	0.49831	0.511253	0.519007	0.523389	0.525725	0.526899	0.527455	0.527703	0.527807	0.527848	0.527863	0.527868	0.52787	0.52787	0.52787	0.527871	0.527871	0.527871	0.527871	0.527871	0.527871	0.527871	0.527871	0.527871	0.527871	0.527871	0.527871	0.527871	0.527871	0.52787	0.52787	0.52787	0.527868	0.527863	0.527848	0.527807	0.527703	0.527455	0.526899	0.525725	0.523389	0.519007	0.511253	0.49831	0.477918	0.447584	0.404969	0.348419	0.27752	0.193527	0.0994939	0	
0	0.124923	0.242981	0.348419	0.437402	0.508355	0.561805	0.599836	0.62539	0.641599	0.651303	0.656783	0.659703	0.661168	0.661861	0.66217	0.662299	0.66235	0.662369	0.662375	0.662377	0.662378	0.662378	0.662378	0.662378	0.662378	0.662378	0.662378	0.662378	0.662378	0.662378	0.662378	0.662378	0.662378	0.662378	0.662378	0.662378	0.662378	0.662378	0.662377	0.662375	0.662369	0.66235	0.662299	0.66217	0.661861	0.661168	0.659703	0.656783	0.651303	0.641599	0.62539	0.599836	0.561805	0.508355	0.437402	0.348419	0.242981	0.124923	0	
0	0.145212	0.282435	0.404969	0.508355	0.590769	0.652826	0.696961	0.726598	0.745386	0.756625	0.762967	0.766342	0.768035	0.768834	0.76919	0.769338	0.769397	0.769419	0.769426	0.769428	0.769429	0.769429	0.769429	0.76943	0.76943	0.76943	0.76943	0.76943	0.76943	0.76943	0.76943	0.76943	0.76943	0.76943	0.76943	0.769429	0.769429	0.769429	0.769428	0.769426	0.769419	0.769397	0.769338	0.76919	0.768834	0.768035	0.766342	0.762967	0.756625	0.745386	0.726598	0.696961	0.652826	0.590769	0.508355	0.404969	0.282435	0.145212	0	
0	0.160509	0.312175	0.447584	0.561805	0.652826	0.721338	0.770038	0.802722	0.823428	0.835804	0.842783	0.846493	0.848351	0.849228	0.849618	0.84978	0.849844	0.849868	0.849876	0.849879	0.849879	0.84988	0.84988	0.84988	0.84988	0.84988	0.84988	0.84988	0.84988	0.84988	0.84988	0.84988	0.84988	0.84988	0.84988	0.84988	0.84988	0.849879	0.849879	0.849876	0.849868	0.849844	0.84978	0.849618	0.849228	0.848351	0.846493	0.842783	0.835804	0.823428	0.802722	0.770038	0.721338	0.652826	0.561805	0.447584	0.312175	0.160509	0	
0	0.171404	0.333351	0.477918	0.599836	0.696961	0.770038	0.821959	0.856786	0.878835	0.892006	0.899426	0.903367	0.905339	0.906269	0.906681	0.906853	0.906921	0.906946	0.906954	0.906957	0.906958	0.906958	0.906958	0.906958	0.906958	0.906958	0.906958	0.906958	0.906958	0.906958	0.906958	0.906958	0.906958	0.906958	0.906958	0.906958	0.906958	0.906958	0.906957	0.906954	0.906946	0.906921	0.906853	0.906681	0.906269	0.905339	0.903367	0.899426	0.892006	0.878835	0.856786	0.821959	0.770038	0.696961	0.599836	0.477918	0.333351	0.171404	0	
0	0.178732	0.347593	0.49831	0.62539	0.726598	0.802722	0.856786	0.893034	0.915969	0.92966	0.937369	0.94146	0.943505	0.944469	0.944896	0.945074	0.945143	0.945169	0.945178	0.945181	0.945181	0.945182	0.945182	0.945182	0.945182	0.945182	0.945182	0.945182	0.945182	0.945182	0.945182	0.945182	0.945182	0.945182	0.945182	0.945182	0.945182	0.945181	0.945181	0.945178	0.945169	0.945143	0.945074	0.944896	0.944469	0.943505	0.94146	0.937369	0.92966	0.915969	0.893034	0.856786	0.802722	0.726598	0.62539	0.49831	0.347593	0.178732	0	
0	0.183387	0.356636	0.511253	0.641599	0.745386	0.823428	0.878835	0.915969	0.939455	0.953468	0.961353	0.965535	0.967625	0.968608	0.969044	0.969225	0.969296	0.969322	0.969331	0.969334	0.969335	0.969335	0.969335	0.969335	0.969335	0.969335	0.969335	0.969335	0.969335	0.969335	0.969335	0.969335	0.969335	0.969335	0.969335	0.969335	0.969335	0.969335	0.969334	0.969331	0.969322	0.969296	0.969225	0.969044	0.968608	0.967625	0.965535	0.961353	0.953468	0.939455	0.915969	0.878835	0.823428	0.745386	0.641599	0.511253	0.356636	0.183387	0	
0	0.186178	0.362056	0.519007	0.651303	0.756625	0.835804	0.892006	0.92966	0.953468	0.967667	0.975654	0.979888	0.982003	0.982998	0.983438	0.983622	0.983693	0.98372	0.983729	0.983731	0.983732	0.983733	0.983733	0.983733	0.983733	0.983733	0.983733	0.983733	0.983733	0.983733	0.983733	0.983733	0.983733	0.983733	0.983733	0.983733	0.983733	0.983732	0.983731	0.983729	0.98372	0.983693	0.983622	0.983438	0.982998	0.982003	0.979888	0.975654	0.967667	0.953468	0.92966	0.892006	0.835804	0.756625	0.651303	0.519007	0.362056	0.186178	0	
0	0.187757	0.365122	0.523389	0.656783	0.762967	0.842783	0.899426	0.937369	0.961353	0.975654	0.983696	0.987958	0.990086	0.991087	0.991529	0.991713	0.991786	0.991812	0.991821	0.991824	0.991825	0.991825	0.991825	0.991825	0.991825	0.991825	0.991825	0.991825	0.991825	0.991825	0.991825	0.991825	0.991825	0.991825	0.991825	0.991825	0.991825	0.991825	0.991824	0.991821	0.991812	0.991786	0.991713	0.991529	0.991087	0.990086	0.987958	0.983696	0.975654	0.961353	0.937369	0.899426	0.842783	0.762967	0.656783	0.523389	0.365122	0.187757	0	
0	0.1886	0.366757	0.525725	0.659703	0.766342	0.846493	0.903367	0.94146	0.965535	0.979888	0.987958	0.992234	0.994369	0.995372	0.995816	0.996001	0.996073	0.996099	0.996108	0.996111	0.996112	0.996112	0.996113	0.996113	0.996113	0.996113	0.996113	0.996113	0.996113	0.996113	0.996113	0.996113	0.996113	0.996113	0.996113	0.996113	0.996112	0.996112	0.996111	0.996108	0.996099	0.996073	0.996001	0.995816	0.995372	0.994369	0.992234	0.987958	0.979888	0.965535	0.94146	0.903367	0.846493	0.766342	0.659703	0.525725	0.366757	0.1886	0	
0	0.189024	0.367579	0.526899	0.661168	0.768035	0.848351	0.905339	0.943505	0.967625	0.982003	0.990086	0.994369	0.996506	0.997511	0.997956	0.99814	0.998213	0.998239	0.998248	0.998251	0.998252	0.998252	0.998252	0.998252	0.998252	0.998252	0.998252	0.998252	0.998252	0.998252	0.998252	0.998252	0.998252	0.998252	0.998252	0.998252	0.998252	0.998252	0.998251	0.998248	0.998239	0.998213	0.99814	0.997956	0.997511	0.996506	0.994369	0.990086	0.982003	0.967625	0.943505	0.905339	0.848351	0.768035	0.661168	0.526899	0.367579	0.189024	0	
0	0.189225	0.367969	0.527455	0.661861	0.768834	0.849228	0.906269	0.944469	0.968608	0.982998	0.991087	0.995372	0.997511	0.998517	0.998961	0.999146	0.999218	0.999245	0.999254	0.999257	0.999258	0.999258	0.999258	0.999258	0.999258	0.999258	0.999258	0.999258	0.999258	0.999258	0.999258	0.999258	0.999258	0.999258	0.999258	0.999258	0.999258	0.999258	0.999257	0.999254	0.999245	0.999218	0.999146	0.998961	0.998517	0.997511	0.995372	0.991087	0.982998	0.968608	0.944469	0.906269	0.849228	0.768834	0.661861	0.527455	0.367969	0.189225	0	
0	0.189315	0.368143	0.527703	0.66217	0.76919	0.849618	0.906681	0.944896	0.969044	0.983438	0.991529	0.995816	0.997956	0.998961	0.999406	0.999591	0.999663	0.99969	0.999699	0.999702	0.999703	0.999703	0.999703	0.999703	0.999703	0.999703	0.999703	0.999703	0.999703	0.999703	0.999703	0.999703	0.999703	0.999703	0.999703	0.999703	0.999703	0.999703	0.999702	0.999699	0.99969	0.999663	0.999591	0.999406	0.998961	0.997956	0.995816	0.991529	0.983438	0.969044	0.944896	0.906681	0.849618	0.76919	0.66217	0.527703	0.368143	0.189315	0	
0	0.189352	0.368216	0.527807	0.662299	0.769338	0.84978	0.906853	0.945074	0.969225	0.983622	0.991713	0.996001	0.99814	0.999146	0.999591	0.999776	0.999848	0.999875	0.999884	0.999887	0.999888	0.999888	0.999888	0.999888	0.999888	0.999888	0.999888	0.999888	0.999888	0.999888	0.999888	0.999888	0.999888	0.999888	0.999888	0.999888	0.999888	0.999888	0.999887	0.999884	0.999875	0.999848	0.999776	0.999591	0.999146	0.99814	0.996001	0.991713	0.983622	0.969225	0.945074	0.906853	0.84978	0.769338	0.662299	0.527807	0.368216	0.189352	0	
0	0.189367	0.368245	0.527848	0.66235	0.769397	0.849844	0.906921	0.945143	0.969296	0.983693	0.991786	0.996073	0.998213	0.999218	0.999663	0.999848	0.99992	0.999947	0.999956	0.999959	0.99996	0.99996	0.99996	0.99996	0.99996	0.99996	0.99996	0.99996	0.99996	0.99996	0.99996	0.99996	0.99996	0.99996	0.99996	0.99996	0.99996	0.99996	0.999959	0.999956	0.999947	0.99992	0.999848	0.999663	0.999218	0.998213	0.996073	0.991786	0.983693	0.969296	0.945143	0.906921	0.849844	0.769397	0.66235	0.527848	0.368245	0.189367	0	
0	0.189373	0.368255	0.527863	0.662369	0.769419	0.849868	0.906946	0.945169	0.969322	0.98372	0.991812	0.996099	0.998239	0.999245	0.99969	0.999875	0.999947	0.999973	0.999983	0.999985	0.999986	0.999987	0.999987	0.999987	0.999987	0.999987	0.999987	0.999987	0.999987	0.999987	0.999987	0.999987	0.999987	0.999987	0.999987	0.999987	0.999987	0.999986	0.999985	0.999983	0.999973	0.999947	0.999875	0.99969	0.999245	0.998239	0.996099	0.991812	0.98372	0.969322	0.945169	0.906946	0.849868	0.769419	0.662369	0.527863	0.368255	0.189373	0	
0	0.189375	0.368259	0.527868	0.662375	0.769426	0.849876	0.906954	0.945178	0.969331	0.983729	0.991821	0.996108	0.998248	0.999254	0.999699	0.999884	0.999956	0.999983	0.999992	0.999995	0.999995	0.999996	0.999996	0.999996	0.999996	0.999996	0.999996	0.999996	0.999996	0.999996	0.999996	0.999996	0.999996	0.999996	0.999996	0.999996	0.999996	0.999995	0.999995	0.999992	0.999983	0.999956	0.999884	0.999699	0.999254	0.998248	0.996108	0.991821	0.983729	0.969331	0.945178	0.906954	0.849876	0.769426	0.662375	0.527868	0.368259	0.189375	0	
0	0.189375	0.36826	0.52787	0.662377	0.769428	0.849879	0.906957	0.945181	0.969334	0.983731	0.991824	0.996111	0.998251	0.999257	0.999702	0.999887	0.999959	0.999985	0.999995	0.999998	0.999998	0.999999	0.999999	0.999999	0.999999	0.999999	0.999999	0.999999	0.999999	0.999999	0.999999	0.999999	0.999999	0.999999	0.999999	0.999999	0.999999	0.999998	0.999998	0.999995	0.999985	0.999959	0.999887	0.999702	0.999257	0.998251	0.996111	0.991824	0.983731	0.969334	0.945181	0.906957	0.849879	0.769428	0.662377	0.52787	0.36826	0.189375	0	
0	0.189376	0.368261	0.52787	0.662378	0.769429	0.849879	0.906958	0.945181	0.969335	0.983732	0.991825	0.996112	0.998252	0.999258	0.999703	0.999888	0.99996	0.999986	0.999995	0.999998	0.999999	1	1	1	1	1	1	1	1	1	1	1	1	1	1	1	1	0.999999	0.999998	0.999995	0.999986	0.99996	0.999888	0.999703	0.999258	0.998252	0.996112	0.991825	0.983732	0.969335	0.945181	0.906958	0.849879	0.769429	0.662378	0.52787	0.368261	0.189376	0	
0	0.189376	0.368261	0.52787	0.662378	0.769429	0.84988	0.906958	0.945182	0.969335	0.983733	0.991825	0.996112	0.998252	0.999258	0.999703	0.999888	0.99996	0.999987	0.999996	0.999999	1	1	1	1	1	1	1	1	1	1	1	1	1	1	1	1	1	1	0.999999	0.999996	0.999987	0.99996	0.999888	0.999703	0.999258	0.998252	0.996112	0.991825	0.983733	0.969335	0.945182	0.906958	0.84988	0.769429	0.662378	0.52787	0.368261	0.189376	0	
0	0.189376	0.368261	0.527871	0.662378	0.769429	0.84988	0.906958	0.945182	0.969335	0.983733	0.991825	0.996113	0.998252	0.999258	0.999703	0.999888	0.99996	0.999987	0.999996	0.999999	1	1	1	1	1	1	1	1	1	1	1	1	1	1	1	1	1	1	0.999999	0.999996	0.999987	0.99996	0.999888	0.999703	0.999258	0.998252	0.996113	0.991825	0.983733	0.969335	0.945182	0.906958	0.84988	0.769429	0.662378	0.527871	0.368261	0.189376	0	
0	0.189376	0.368261	0.527871	0.662378	0.76943	0.84988	0.906958	0.945182	0.969335	0.983733	0.991825	0.996113	0.998252	0.999258	0.999703	0.999888	0.99996	0.999987	0.999996	0.999999	1	1	1	1	1	1	1	1	1	1	1	1	1	1	1	1	1	1	0.999999	0.999996	0.999987	0.99996	0.999888	0.999703	0.999258	0.998252	0.996113	0.991825	0.983733	0.969335	0.945182	0.906958	0.84988	0.76943	0.662378	0.527871	0.368261	0.189376	0	
0	0.189376	0.368261	0.527871	0.662378	0.76943	0.84988	0.906958	0.945182	0.969335	0.983733	0.991825	0.996113	0.998252	0.999258	0.999703	0.999888	0.99996	0.999987	0.999996	0.999999	1	1	1	1	1	1	1	1	1	1	1	1	1	1	1	1	1	1	0.999999	0.999996	0.999987	0.99996	0.999888	0.999703	0.999258	0.998252	0.996113	0.991825	0.983733	0.969335	0.945182	0.906958	0.84988	0.76943	0.662378	0.527871	0.368261	0.189376	0	
0	0.189376	0.368261	0.527871	0.662378	0.769429	0.84988	0.906958	0.945182	0.969335	0.983733	0.991825	0.996113	0.998252	0.999258	0.999703	0.999888	0.99996	0.999987	0.999996	0.999999	1	1	1	1	1	1	1	1	1	1	1	1	1	1	1	1	1	1	0.999999	0.999996	0.999987	0.99996	0.999888	0.999703	0.999258	0.998252	0.996113	0.991825	0.983733	0.969335	0.945182	0.906958	0.84988	0.769429	0.662378	0.527871	0.368261	0.189376	0	
0	0.189376	0.368261	0.52787	0.662378	0.769429	0.84988	0.906958	0.945182	0.969335	0.983733	0.991825	0.996112	0.998252	0.999258	0.999703	0.999888	0.99996	0.999987	0.999996	0.999999	1	1	1	1	1	1	1	1	1	1	1	1	1	1	1	1	1	1	0.999999	0.999996	0.999987	0.99996	0.999888	0.999703	0.999258	0.998252	0.996112	0.991825	0.983733	0.969335	0.945182	0.906958	0.84988	0.769429	0.662378	0.52787	0.368261	0.189376	0	
0	0.189376	0.368261	0.52787	0.662378	0.769429	0.849879	0.906958	0.945181	0.969335	0.983732	0.991825	0.996112	0.998252	0.999258	0.999703	0.999888	0.99996	0.999986	0.999995	0.999998	0.999999	1	1	1	1	1	1	1	1	1	1	1	1	1	1	1	1	0.999999	0.999998	0.999995	0.999986	0.99996	0.999888	0.999703	0.999258	0.998252	0.996112	0.991825	0.983732	0.969335	0.945181	0.906958	0.849879	0.769429	0.662378	0.52787	0.368261	0.189376	0	
0	0.189375	0.36826	0.52787	0.662377	0.769428	0.849879	0.906957	0.945181	0.969334	0.983731	0.991824	0.996111	0.998251	0.999257	0.999702	0.999887	0.999959	0.999985	0.999995	0.999998	0.999998	0.999999	0.999999	0.999999	0.999999	0.999999	0.999999	0.999999	0.999999	0.999999	0.999999	0.999999	0.999999	0.999999	0.999999	0.999999	0.999999	0.999998	0.999998	0.999995	0.999985	0.999959	0.999887	0.999702	0.999257	0.998251	0.996111	0.991824	0.983731	0.969334	0.945181	0.906957	0.849879	0.769428	0.662377	0.52787	0.36826	0.189375	0	
0	0.189375	0.368259	0.527868	0.662375	0.769426	0.849876	0.906954	0.945178	0.969331	0.983729	0.991821	0.996108	0.998248	0.999254	0.999699	0.999884	0.999956	0.999983	0.999992	0.999995	0.999995	0.999996	0.999996	0.999996	0.999996	0.999996	0.999996	0.999996	0.999996	0.999996	0.999996	0.999996	0.999996	0.999996	0.999996	0.999996	0.999996	0.999995	0.999995	0.999992	0.999983	0.999956	0.999884	0.999699	0.999254	0.998248	0.996108	0.991821	0.983729	0.969331	0.945178	0.906954	0.849876	0.769426	0.662375	0.527868	0.368259	0.189375	0	
0	0.189373	0.368255	0.527863	0.662369	0.769419	0.849868	0.906946	0.945169	0.969322	0.98372	0.991812	0.996099	0.998239	0.999245	0.99969	0.999875	0.999947	0.999973	0.999983	0.999985	0.999986	0.999987	0.999987	0.999987	0.999987	0.999987	0.999987	0.999987	0.999987	0.999987	0.999987	0.999987	0.999987	0.999987	0.999987	0.999987	0.999987	0.999986	0.999985	0.999983	0.999973	0.999947	0.999875	0.99969	0.999245	0.998239	0.996099	0.991812	0.98372	0.969322	0.945169	0.906946	0.849868	0.769419	0.662369	0.527863	0.368255	0.189373	0	
0	0.189367	0.368245	0.527848	0.66235	0.769397	0.849844	0.906921	0.945143	0.969296	0.983693	0.991786	0.996073	0.998213	0.999218	0.999663	0.999848	0.99992	0.999947	0.999956	0.999959	0.99996	0.99996	0.99996	0.99996	0.99996	0.99996	0.99996	0.99996	0.99996	0.99996	0.99996	0.99996	0.99996	0.99996	0.99996	0.99996	0.99996	0.99996	0.999959	0.999956	0.999947	0.99992	0.999848	0.999663	0.999218	0.998213	0.996073	0.991786	0.983693	0.969296	0.945143	0.906921	0.849844	0.769397	0.66235	0.527848	0.368245	0.189367	0	
0	0.189352	0.368216	0.527807	0.662299	0.769338	0.84978	0.906853	0.945074	0.969225	0.983622	0.991713	0.996001	0.99814	0.999146	0.999591	0.999776	0.999848	0.999875	0.999884	0.999887	0.999888	0.999888	0.999888	0.999888	0.999888	0.999888	0.999888	0.999888	0.999888	0.999888	0.999888	0.999888	0.999888	0.999888	0.999888	0.999888	0.999888	0.999888	0.999887	0.999884	0.999875	0.999848	0.999776	0.999591	0.999146	0.99814	0.996001	0.991713	0.983622	0.969225	0.945074	0.906853	0.84978	0.769338	0.662299	0.527807	0.368216	0.189352	0	
0	0.189315	0.368143	0.527703	0.66217	0.76919	0.849618	0.906681	0.944896	0.969044	0.983438	0.991529	0.995816	0.997956	0.998961	0.999406	0.999591	0.999663	0.99969	0.999699	0.999702	0.999703	0.999703	0.999703	0.999703	0.999703	0.999703	0.999703	0.999703	0.999703	0.999703	0.999703	0.999703	0.999703	0.999703	0.999703	0.999703	0.999703	0.999703	0.999702	0.999699	0.99969	0.999663	0.999591	0.999406	0.998961	0.997956	0.995816	0.991529	0.983438	0.969044	0.944896	0.906681	0.849618	0.76919	0.66217	0.527703	0.368143	0.189315	0	
0	0.189225	0.367969	0.527455	0.661861	0.768834	0.849228	0.906269	0.944469	0.968608	0.982998	0.991087	0.995372	0.997511	0.998517	0.998961	0.999146	0.999218	0.999245	0.999254	0.999257	0.999258	0.999258	0.999258	0.999258	0.999258	0.999258	0.999258	0.999258	0.999258	0.999258	0.999258	0.999258	0.999258	0.999258	0.999258	0.999258	0.999258	0.999258	0.999257	0.999254	0.999245	0.999218	0.999146	0.998961	0.998517	0.997511	0.995372	0.991087	0.982998	0.968608	0.944469	0.906269	0.849228	0.768834	0.661861	0.527455	0.367969	0.189225	0	
0	0.189024	0.367579	0.526899	0.661168	0.768035	0.848351	0.905339	0.943505	0.967625	0.982003	0.990086	0.994369	0.996506	0.997511	0.997956	0.99814	0.998213	0.998239	0.998248	0.998251	0.998252	0.998252	0.998252	0.998252	0.998252	0.998252	0.998252	0.998252	0.998252	0.998252	0.998252	0.998252	0.998252	0.998252	0.998252	0.998252	0.998252	0.998252	0.998251	0.998248	0.998239	0.998213	0.99814	0.997956	0.997511	0.996506	0.994369	0.990086	0.982003	0.967625	0.943505	0.905339	0.848351	0.768035	0.661168	0.526899	0.367579	0.189024	0	
0	0.1886	0.366757	0.525725	0.659703	0.766342	0.846493	0.903367	0.94146	0.965535	0.979888	0.987958	0.992234	0.994369	0.995372	0.995816	0.996001	0.996073	0.996099	0.996108	0.996111	0.996112	0.996112	0.996113	0.996113	0.996113	0.996113	0.996113	0.996113	0.996113	0.996113	0.996113	0.996113	0.996113	0.996113	0.996113	0.996113	0.996112	0.996112	0.996111	0.996108	0.996099	0.996073	0.996001	0.995816	0.995372	0.994369	0.992234	0.987958	0.979888	0.965535	0.94146	0.903367	0.846493	0.766342	0.659703	0.525725	0.366757	0.1886	0	
0	0.187757	0.365122	0.523389	0.656783	0.762967	0.842783	0.899426	0.937369	0.961353	0.975654	0.983696	0.987958	0.990086	0.991087	0.991529	0.991713	0.991786	0.991812	0.991821	0.991824	0.991825	0.991825	0.991825	0.991825	0.991825	0.991825	0.991825	0.991825	0.991825	0.991825	0.991825	0.991825	0.991825	0.991825	0.991825	0.991825	0.991825	0.991825	0.991824	0.991821	0.991812	0.991786	0.991713	0.991529	0.991087	0.990086	0.987958	0.983696	0.975654	0.961353	0.937369	0.899426	0.842783	0.762967	0.656783	0.523389	0.365122	0.187757	0	
0	0.186178	0.362056	0.519007	0.651303	0.756625	0.835804	0.892006	0.92966	0.953468	0.967667	0.975654	0.979888	0.982003	0.982998	0.983438	0.983622	0.983693	0.98372	0.983729	0.983731	0.983732	0.983733	0.983733	0.983733	0.983733	0.983733	0.983733	0.983733	0.983733	0.983733	0.983733	0.983733	0.983733	0.983733	0.983733	0.983733	0.983733	0.983732	0.983731	0.983729	0.98372	0.983693	0.983622	0.983438	0.982998	0.982003	0.979888	0.975654	0.967667	0.953468	0.92966	0.892006	0.835804	0.756625	0.651303	0.519007	0.362056	0.186178	0	
0	0.183387	0.356636	0.511253	0.641599	0.745386	0.823428	0.878835	0.915969	0.939455	0.953468	0.961353	0.965535	0.967625	0.968608	0.969044	0.969225	0.969296	0.969322	0.969331	0.969334	0.969335	0.969335	0.969335	0.969335	0.969335	0.969335	0.969335	0.969335	0.969335	0.969335	0.969335	0.969335	0.969335	0.969335	0.969335	0.969335	0.969335	0.969335	0.969334	0.969331	0.969322	0.969296	0.969225	0.969044	0.968608	0.967625	0.965535	0.961353	0.953468	0.939455	0.915969	0.878835	0.823428	0.745386	0.641599	0.511253	0.356636	0.183387	0	
0	0.178732	0.347593	0.49831	0.62539	0.726598	0.802722	0.856786	0.893034	0.915969	0.92966	0.937369	0.94146	0.943505	0.944469	0.944896	0.945074	0.945143	0.945169	0.945178	0.945181	0.945181	0.945182	0.945182	0.945182	0.945182	0.945182	0.945182	0.945182	0.945182	0.945182	0.945182	0.945182	0.945182	0.945182	0.945182	0.945182	0.945182	0.945181	0.945181	0.945178	0.945169	0.945143	0.945074	0.944896	0.944469	0.943505	0.94146	0.937369	0.92966	0.915969	0.893034	0.856786	0.802722	0.726598	0.62539	0.49831	0.347593	0.178732	0	
0	0.171404	0.333351	0.477918	0.599836	0.696961	0.770038	0.821959	0.856786	0.878835	0.892006	0.899426	0.903367	0.905339	0.906269	0.906681	0.906853	0.906921	0.906946	0.906954	0.906957	0.906958	0.906958	0.906958	0.906958	0.906958	0.906958	0.906958	0.906958	0.906958	0.906958	0.906958	0.906958	0.906958	0.906958	0.906958	0.906958	0.906958	0.906958	0.906957	0.906954	0.906946	0.906921	0.906853	0.906681	0.906269	0.905339	0.903367	0.899426	0.892006	0.878835	0.856786	0.821959	0.770038	0.696961	0.599836	0.477918	0.333351	0.171404	0	
0	0.160509	0.312175	0.447584	0.561805	0.652826	0.721338	0.770038	0.802722	0.823428	0.835804	0.842783	0.846493	0.848351	0.849228	0.849618	0.84978	0.849844	0.849868	0.849876	0.849879	0.849879	0.84988	0.84988	0.84988	0.84988	0.84988	0.84988	0.84988	0.84988	0.84988	0.84988	0.84988	0.84988	0.84988	0.84988	0.84988	0.84988	0.849879	0.849879	0.849876	0.849868	0.849844	0.84978	0.849618	0.849228	0.848351	0.846493	0.842783	0.835804	0.823428	0.802722	0.770038	0.721338	0.652826	0.561805	0.447584	0.312175	0.160509	0	
0	0.145212	0.282435	0.404969	0.508355	0.590769	0.652826	0.696961	0.726598	0.745386	0.756625	0.762967	0.766342	0.768035	0.768834	0.76919	0.769338	0.769397	0.769419	0.769426	0.769428	0.769429	0.769429	0.769429	0.76943	0.76943	0.76943	0.76943	0.76943	0.76943	0.76943	0.76943	0.76943	0.76943	0.76943	0.76943	0.769429	0.769429	0.769429	0.769428	0.769426	0.769419	0.769397	0.769338	0.76919	0.768834	0.768035	0.766342	0.762967	0.756625	0.745386	0.726598	0.696961	0.652826	0.590769	0.508355	0.404969	0.282435	0.145212	0	
0	0.124923	0.242981	0.348419	0.437402	0.508355	0.561805	0.599836	0.62539	0.641599	0.651303	0.656783	0.659703	0.661168	0.661861	0.66217	0.662299	0.66235	0.662369	0.662375	0.662377	0.662378	0.662378	0.662378	0.662378	0.662378	0.662378	0.662378	0.662378	0.662378	0.662378	0.662378	0.662378	0.662378	0.662378	0.662378	0.662378	0.662378	0.662378	0.662377	0.662375	0.662369	0.66235	0.662299	0.66217	0.661861	0.661168	0.659703	0.656783	0.651303	0.641599	0.62539	0.599836	0.561805	0.508355	0.437402	0.348419	0.242981	0.124923	0	
0	0.0994939	0.193527	0.27752	0.348419	0.404969	0.447584	0.477918	0.49831	0.511253	0.519007	0.523389	0.525725	0.526899	0.527455	0.527703	0.527807	0.527848	0.527863	0.527868	0.52787	0.52787	0.52787	0.527871	0.527871	0.527871	0.527871	0.527871	0.527871	0.527871	0.527871	0.527871	0.527871	0.527871	0.527871	0.527871	0.527871	0.52787	0.52787	0.52787	0.527868	0.527863	0.527848	0.527807	0.527703	0.527455	0.526899	0.525725	0.523389	0.519007	0.511253	0.49831	0.477918	0.447584	0.404969	0.348419	0.27752	0.193527	0.0994939	0	
0	0.0693769	0.13495	0.193527	0.242981	0.282435	0.312175	0.333351	0.347593	0.356636	0.362056	0.365122	0.366757	0.367579	0.367969	0.368143	0.368216	0.368245	0.368255	0.368259	0.36826	0.368261	0.368261	0.368261	0.368261	0.368261	0.368261	0.368261	0.368261	0.368261	0.368261	0.368261	0.368261	0.368261	0.368261	0.368261	0.368261	0.368261	0.368261	0.36826	0.368259	0.368255	0.368245	0.368216	0.368143	0.367969	0.367579	0.366757	0.365122	0.362056	0.356636	0.347593	0.333351	0.312175	0.282435	0.242981	0.193527	0.13495	0.0693769	0	
0	0.0356656	0.0693769	0.0994939	0.124923	0.145212	0.160509	0.171404	0.178732	0.183387	0.186178	0.187757	0.1886	0.189024	0.189225	0.189315	0.189352	0.189367	0.189373	0.189375	0.189375	0.189376	0.189376	0.189376	0.189376	0.189376	0.189376	0.189376	0.189376	0.189376	0.189376	0.189376	0.189376	0.189376	0.189376	0.189376	0.189376	0.189376	0.189376	0.189375	0.189375	0.189373	0.189367	0.189352	0.189315	0.189225	0.189024	0.1886	0.187757	0.186178	0.183387	0.178732	0.171404	0.160509	0.145212	0.124923	0.0994939	0.0693769	0.0356656	0	
0	0	0	0	0	0	0	0	0	0	0	0	0	0	0	0	0	0	0	0	0	0	0	0	0	0	0	0	0	0	0	0	0	0	0	0	0	0	0	0	0	0	0	0	0	0	0	0	0	0	0	0	0	0	0	0	0	0	0	0	
