0	0	0	0	0	0	0	0	0	0	0	0	0	0	0	0	0	0	0	0	0	0	0	0	0	0	0	0	0	0	0	0	0	0	0	0	0	0	0	0	0	0	0	0	0	0	0	0	0	0	0	0	0	0	0	0	0	0	0	0	
0	0.0258266	0.0506222	0.0734773	0.0937019	0.110883	0.124894	0.135862	0.144102	0.150043	0.154154	0.156884	0.158622	0.159684	0.160306	0.160656	0.160844	0.160941	0.160989	0.161012	0.161022	0.161027	0.161028	0.161029	0.161029	0.16103	0.16103	0.16103	0.16103	0.16103	0.16103	0.16103	0.16103	0.16103	0.16103	0.161029	0.161029	0.161028	0.161027	0.161022	0.161012	0.160989	0.160941	0.160844	0.160656	0.160306	0.159684	0.158622	0.156884	0.154154	0.150043	0.144102	0.135862	0.124894	0.110883	0.0937019	0.0734773	0.0506222	0.0258266	0	
0	0.0506222	0.0992229	0.144019	0.183658	0.21733	0.244787	0.266278	0.282423	0.294063	0.302117	0.307462	0.310867	0.312946	0.314164	0.314848	0.315216	0.315406	0.3155	0.315545	0.315565	0.315574	0.315577	0.315579	0.315579	0.315579	0.315579	0.315579	0.315579	0.315579	0.315579	0.315579	0.315579	0.315579	0.315579	0.315579	0.315579	0.315577	0.315574	0.315565	0.315545	0.3155	0.315406	0.315216	0.314848	0.314164	0.312946	0.310867	0.307462	0.302117	0.294063	0.282423	0.266278	0.244787	0.21733	0.183658	0.144019	0.0992229	0.0506222	0	
0	0.0734773	0.144019	0.209035	0.266563	0.315427	0.355268	0.386448	0.409869	0.426752	0.438429	0.446179	0.451113	0.454126	0.455891	0.456881	0.457414	0.457689	0.457825	0.457889	0.457919	0.457931	0.457937	0.457939	0.457939	0.45794	0.45794	0.45794	0.45794	0.45794	0.45794	0.45794	0.45794	0.45794	0.45794	0.457939	0.457939	0.457937	0.457931	0.457919	0.457889	0.457825	0.457689	0.457414	0.456881	0.455891	0.454126	0.451113	0.446179	0.438429	0.426752	0.409869	0.386448	0.355268	0.315427	0.266563	0.209035	0.144019	0.0734773	0	
0	0.0937019	0.183658	0.266563	0.339913	0.40221	0.452996	0.492735	0.522579	0.544087	0.55896	0.568828	0.575108	0.578942	0.581186	0.582446	0.583123	0.583472	0.583645	0.583727	0.583763	0.58378	0.583786	0.583789	0.58379	0.58379	0.58379	0.58379	0.58379	0.58379	0.58379	0.58379	0.58379	0.58379	0.58379	0.58379	0.583789	0.583786	0.58378	0.583763	0.583727	0.583645	0.583472	0.583123	0.582446	0.581186	0.578942	0.575108	0.568828	0.55896	0.544087	0.522579	0.492735	0.452996	0.40221	0.339913	0.266563	0.183658	0.0937019	0	
0	0.110883	0.21733	0.315427	0.40221	0.475905	0.535974	0.582968	0.618251	0.643673	0.661247	0.672903	0.680319	0.684844	0.687491	0.688976	0.689775	0.690186	0.690389	0.690485	0.690529	0.690547	0.690555	0.690558	0.690559	0.69056	0.69056	0.69056	0.69056	0.69056	0.69056	0.69056	0.69056	0.69056	0.69056	0.690559	0.690558	0.690555	0.690547	0.690529	0.690485	0.690389	0.690186	0.689775	0.688976	0.687491	0.684844	0.680319	0.672903	0.661247	0.643673	0.618251	0.582968	0.535974	0.475905	0.40221	0.315427	0.21733	0.110883	0	
0	0.124894	0.244787	0.355268	0.452996	0.535974	0.603598	0.65649	0.696193	0.72479	0.744553	0.757656	0.765989	0.771072	0.774044	0.77571	0.776606	0.777067	0.777294	0.777402	0.77745	0.777471	0.77748	0.777483	0.777485	0.777485	0.777485	0.777485	0.777485	0.777485	0.777485	0.777485	0.777485	0.777485	0.777485	0.777485	0.777483	0.77748	0.777471	0.77745	0.777402	0.777294	0.777067	0.776606	0.77571	0.774044	0.771072	0.765989	0.757656	0.744553	0.72479	0.696193	0.65649	0.603598	0.535974	0.452996	0.355268	0.244787	0.124894	0	
0	0.135862	0.266278	0.386448	0.492735	0.582968	0.65649	0.713985	0.75713	0.788198	0.809662	0.823887	0.83293	0.838443	0.841666	0.843471	0.844441	0.84494	0.845186	0.845302	0.845355	0.845377	0.845387	0.84539	0.845392	0.845392	0.845393	0.845393	0.845393	0.845393	0.845393	0.845393	0.845393	0.845393	0.845392	0.845392	0.84539	0.845387	0.845377	0.845355	0.845302	0.845186	0.84494	0.844441	0.843471	0.841666	0.838443	0.83293	0.823887	0.809662	0.788198	0.75713	0.713985	0.65649	0.582968	0.492735	0.386448	0.266278	0.135862	0	
0	0.144102	0.282423	0.409869	0.522579	0.618251	0.696193	0.75713	0.802848	0.83576	0.85849	0.87355	0.883119	0.88895	0.892357	0.894265	0.89529	0.895816	0.896076	0.896198	0.896253	0.896277	0.896287	0.896291	0.896293	0.896293	0.896293	0.896293	0.896293	0.896293	0.896293	0.896293	0.896293	0.896293	0.896293	0.896293	0.896291	0.896287	0.896277	0.896253	0.896198	0.896076	0.895816	0.89529	0.894265	0.892357	0.88895	0.883119	0.87355	0.85849	0.83576	0.802848	0.75713	0.696193	0.618251	0.522579	0.409869	0.282423	0.144102	0	
0	0.150043	0.294063	0.426752	0.544087	0.643673	0.72479	0.788198	0.83576	0.86999	0.893624	0.909277	0.91922	0.925277	0.928814	0.930795	0.931857	0.932403	0.932672	0.932799	0.932856	0.932881	0.932891	0.932895	0.932896	0.932897	0.932897	0.932897	0.932897	0.932897	0.932897	0.932897	0.932897	0.932897	0.932897	0.932896	0.932895	0.932891	0.932881	0.932856	0.932799	0.932672	0.932403	0.931857	0.930795	0.928814	0.925277	0.91922	0.909277	0.893624	0.86999	0.83576	0.788198	0.72479	0.643673	0.544087	0.426752	0.294063	0.150043	0	
0	0.154154	0.302117	0.438429	0.55896	0.661247	0.744553	0.809662	0.85849	0.893624	0.917876	0.933934	0.944132	0.950342	0.953967	0.955996	0.957084	0.957643	0.957918	0.958047	0.958106	0.958131	0.958142	0.958146	0.958147	0.958148	0.958148	0.958148	0.958148	0.958148	0.958148	0.958148	0.958148	0.958148	0.958148	0.958147	0.958146	0.958142	0.958131	0.958106	0.958047	0.957918	0.957643	0.957084	0.955996	0.953967	0.950342	0.944132	0.933934	0.917876	0.893624	0.85849	0.809662	0.744553	0.661247	0.55896	0.438429	0.302117	0.154154	0	
0	0.156884	0.307462	0.446179	0.568828	0.672903	0.757656	0.823887	0.87355	0.909277	0.933934	0.950257	0.96062	0.966929	0.970611	0.972671	0.973776	0.974343	0.974622	0.974753	0.974813	0.974838	0.974849	0.974853	0.974855	0.974855	0.974855	0.974855	0.974855	0.974855	0.974855	0.974855	0.974855	0.974855	0.974855	0.974855	0.974853	0.974849	0.974838	0.974813	0.974753	0.974622	0.974343	0.973776	0.972671	0.970611	0.966929	0.96062	0.950257	0.933934	0.909277	0.87355	0.823887	0.757656	0.672903	0.568828	0.446179	0.307462	0.156884	0	
0	0.158622	0.310867	0.451113	0.575108	0.680319	0.765989	0.83293	0.883119	0.91922	0.944132	0.96062	0.971087	0.977457	0.981174	0.983254	0.984368	0.98494	0.985222	0.985354	0.985414	0.98544	0.98545	0.985454	0.985456	0.985457	0.985457	0.985457	0.985457	0.985457	0.985457	0.985457	0.985457	0.985457	0.985457	0.985456	0.985454	0.98545	0.98544	0.985414	0.985354	0.985222	0.98494	0.984368	0.983254	0.981174	0.977457	0.971087	0.96062	0.944132	0.91922	0.883119	0.83293	0.765989	0.680319	0.575108	0.451113	0.310867	0.158622	0	
0	0.159684	0.312946	0.454126	0.578942	0.684844	0.771072	0.838443	0.88895	0.925277	0.950342	0.966929	0.977457	0.983864	0.987602	0.989693	0.990813	0.991388	0.991671	0.991804	0.991864	0.99189	0.991901	0.991905	0.991906	0.991907	0.991907	0.991907	0.991907	0.991907	0.991907	0.991907	0.991907	0.991907	0.991907	0.991906	0.991905	0.991901	0.99189	0.991864	0.991804	0.991671	0.991388	0.990813	0.989693	0.987602	0.983864	0.977457	0.966929	0.950342	0.925277	0.88895	0.838443	0.771072	0.684844	0.578942	0.454126	0.312946	0.159684	0	
0	0.160306	0.314164	0.455891	0.581186	0.687491	0.774044	0.841666	0.892357	0.928814	0.953967	0.970611	0.981174	0.987602	0.991352	0.993449	0.994572	0.995149	0.995433	0.995566	0.995626	0.995652	0.995663	0.995667	0.995669	0.995669	0.995669	0.995669	0.99567	0.99567	0.99567	0.99567	0.995669	0.995669	0.995669	0.995669	0.995667	0.995663	0.995652	0.995626	0.995566	0.995433	0.995149	0.994572	0.993449	0.991352	0.987602	0.981174	0.970611	0.953967	0.928814	0.892357	0.841666	0.774044	0.687491	0.581186	0.455891	0.314164	0.160306	0	
0	0.160656	0.314848	0.456881	0.582446	0.688976	0.77571	0.843471	0.894265	0.930795	0.955996	0.972671	0.983254	0.989693	0.993449	0.995549	0.996674	0.997252	0.997536	0.997669	0.99773	0.997756	0.997766	0.99777	0.997772	0.997773	0.997773	0.997773	0.997773	0.997773	0.997773	0.997773	0.997773	0.997773	0.997773	0.997772	0.99777	0.997766	0.997756	0.99773	0.997669	0.997536	0.997252	0.996674	0.995549	0.993449	0.989693	0.983254	0.972671	0.955996	0.930795	0.894265	0.843471	0.77571	0.688976	0.582446	0.456881	0.314848	0.160656	0	
0	0.160844	0.315216	0.457414	0.583123	0.689775	0.776606	0.844441	0.89529	0.931857	0.957084	0.973776	0.984368	0.990813	0.994572	0.996674	0.9978	0.998378	0.998662	0.998796	0.998856	0.998882	0.998893	0.998897	0.998899	0.9989	0.9989	0.9989	0.9989	0.9989	0.9989	0.9989	0.9989	0.9989	0.9989	0.998899	0.998897	0.998893	0.998882	0.998856	0.998796	0.998662	0.998378	0.9978	0.996674	0.994572	0.990813	0.984368	0.973776	0.957084	0.931857	0.89529	0.844441	0.776606	0.689775	0.583123	0.457414	0.315216	0.160844	0	
0	0.160941	0.315406	0.457689	0.583472	0.690186	0.777067	0.84494	0.895816	0.932403	0.957643	0.974343	0.98494	0.991388	0.995149	0.997252	0.998378	0.998956	0.999241	0.999375	0.999435	0.999461	0.999471	0.999476	0.999477	0.999478	0.999478	0.999478	0.999478	0.999478	0.999478	0.999478	0.999478	0.999478	0.999478	0.999477	0.999476	0.999471	0.999461	0.999435	0.999375	0.999241	0.998956	0.998378	0.997252	0.995149	0.991388	0.98494	0.974343	0.957643	0.932403	0.895816	0.84494	0.777067	0.690186	0.583472	0.457689	0.315406	0.160941	0	
0	0.160989	0.3155	0.457825	0.583645	0.690389	0.777294	0.845186	0.896076	0.932672	0.957918	0.974622	0.985222	0.991671	0.995433	0.997536	0.998662	0.999241	0.999525	0.999659	0.999719	0.999745	0.999756	0.99976	0.999762	0.999762	0.999762	0.999762	0.999762	0.999762	0.999762	0.999762	0.999762	0.999762	0.999762	0.999762	0.99976	0.999756	0.999745	0.999719	0.999659	0.999525	0.999241	0.998662	0.997536	0.995433	0.991671	0.985222	0.974622	0.957918	0.932672	0.896076	0.845186	0.777294	0.690389	0.583645	0.457825	0.3155	0.160989	0	
0	0.161012	0.315545	0.457889	0.583727	0.690485	0.777402	0.845302	0.896198	0.932799	0.958047	0.974753	0.985354	0.991804	0.995566	0.997669	0.998796	0.999375	0.999659	0.999793	0.999853	0.999879	0.99989	0.999894	0.999895	0.999896	0.999896	0.999896	0.999896	0.999896	0.999896	0.999896	0.999896	0.999896	0.999896	0.999895	0.999894	0.99989	0.999879	0.999853	0.999793	0.999659	0.999375	0.998796	0.997669	0.995566	0.991804	0.985354	0.974753	0.958047	0.932799	0.896198	0.845302	0.777402	0.690485	0.583727	0.457889	0.315545	0.161012	0	
0	0.161022	0.315565	0.457919	0.583763	0.690529	0.77745	0.845355	0.896253	0.932856	0.958106	0.974813	0.985414	0.991864	0.995626	0.99773	0.998856	0.999435	0.999719	0.999853	0.999913	0.999939	0.99995	0.999954	0.999956	0.999956	0.999957	0.999957	0.999957	0.999957	0.999957	0.999957	0.999957	0.999957	0.999956	0.999956	0.999954	0.99995	0.999939	0.999913	0.999853	0.999719	0.999435	0.998856	0.99773	0.995626	0.991864	0.985414	0.974813	0.958106	0.932856	0.896253	0.845355	0.77745	0.690529	0.583763	0.457919	0.315565	0.161022	0	
0	0.161027	0.315574	0.457931	0.58378	0.690547	0.777471	0.845377	0.896277	0.932881	0.958131	0.974838	0.98544	0.99189	0.995652	0.997756	0.998882	0.999461	0.999745	0.999879	0.999939	0.999965	0.999976	0.99998	0.999982	0.999982	0.999983	0.999983	0.999983	0.999983	0.999983	0.999983	0.999983	0.999983	0.999982	0.999982	0.99998	0.999976	0.999965	0.999939	0.999879	0.999745	0.999461	0.998882	0.997756	0.995652	0.99189	0.98544	0.974838	0.958131	0.932881	0.896277	0.845377	0.777471	0.690547	0.58378	0.457931	0.315574	0.161027	0	
0	0.161028	0.315577	0.457937	0.583786	0.690555	0.77748	0.845387	0.896287	0.932891	0.958142	0.974849	0.98545	0.9919	0.995663	0.997766	0.998893	0.999471	0.999756	0.99989	0.99995	0.999976	0.999987	0.999991	0.999992	0.999993	0.999993	0.999993	0.999993	0.999993	0.999993	0.999993	0.999993	0.999993	0.999993	0.999992	0.999991	0.999987	0.999976	0.99995	0.99989	0.999756	0.999471	0.998893	0.997766	0.995663	0.9919	0.98545	0.974849	0.958142	0.932891	0.896287	0.845387	0.77748	0.690555	0.583786	0.457937	0.315577	0.161028	0	
0	0.161029	0.315579	0.457939	0.583789	0.690558	0.777483	0.84539	0.896291	0.932895	0.958146	0.974853	0.985454	0.991905	0.995667	0.99777	0.998897	0.999476	0.99976	0.999894	0.999954	0.99998	0.999991	0.999995	0.999997	0.999997	0.999997	0.999997	0.999997	0.999997	0.999997	0.999997	0.999997	0.999997	0.999997	0.999997	0.999995	0.999991	0.99998	0.999954	0.999894	0.99976	0.999476	0.998897	0.99777	0.995667	0.991905	0.985454	0.974853	0.958146	0.932895	0.896291	0.84539	0.777483	0.690558	0.583789	0.457939	0.315579	0.161029	0	
0	0.161029	0.315579	0.457939	0.58379	0.690559	0.777484	0.845392	0.896292	0.932896	0.958147	0.974854	0.985456	0.991906	0.995668	0.997772	0.998899	0.999477	0.999761	0.999895	0.999955	0.999981	0.999992	0.999996	0.999998	0.999999	0.999999	0.999999	0.999999	0.999999	0.999999	0.999999	0.999999	0.999999	0.999999	0.999998	0.999996	0.999992	0.999981	0.999955	0.999895	0.999761	0.999477	0.998899	0.997772	0.995668	0.991906	0.985456	0.974854	0.958147	0.932896	0.896292	0.845392	0.777484	0.690559	0.58379	0.457939	0.315579	0.161029	0	
0	0.161029	0.315579	0.457939	0.58379	0.690559	0.777484	0.845392	0.896292	0.932896	0.958147	0.974854	0.985456	0.991906	0.995668	0.997772	0.998899	0.999477	0.999761	0.999895	0.999955	0.999981	0.999992	0.999996	0.999998	0.999999	0.999999	0.999999	0.999999	0.999999	0.999999	0.999999	0.999999	0.999999	0.999999	0.999998	0.999996	0.999992	0.999981	0.999955	0.999895	0.999761	0.999477	0.998899	0.997772	0.995668	0.991906	0.985456	0.974854	0.958147	0.932896	0.896292	0.845392	0.777484	0.690559	0.58379	0.457939	0.315579	0.161029	0	
0	0.161029	0.315579	0.457939	0.583789	0.690558	0.777483	0.84539	0.896291	0.932895	0.958146	0.974853	0.985454	0.991905	0.995667	0.99777	0.998897	0.999476	0.99976	0.999894	0.999954	0.99998	0.999991	0.999995	0.999997	0.999997	0.999997	0.999997	0.999997	0.999997	0.999997	0.999997	0.999997	0.999997	0.999997	0.999997	0.999995	0.999991	0.99998	0.999954	0.999894	0.99976	0.999476	0.998897	0.99777	0.995667	0.991905	0.985454	0.974853	0.958146	0.932895	0.896291	0.84539	0.777483	0.690558	0.583789	0.457939	0.315579	0.161029	0	
0	0.161028	0.315577	0.457937	0.583786	0.690555	0.77748	0.845387	0.896287	0.932891	0.958142	0.974849	0.98545	0.9919	0.995663	0.997766	0.998893	0.999471	0.999756	0.99989	0.99995	0.999976	0.999987	0.999991	0.999992	0.999993	0.999993	0.999993	0.999993	0.999993	0.999993	0.999993	0.999993	0.999993	0.999993	0.999992	0.999991	0.999987	0.999976	0.99995	0.99989	0.999756	0.999471	0.998893	0.997766	0.995663	0.9919	0.98545	0.974849	0.958142	0.932891	0.896287	0.845387	0.77748	0.690555	0.583786	0.457937	0.315577	0.161028	0	
0	0.161027	0.315574	0.457931	0.58378	0.690547	0.777471	0.845377	0.896277	0.932881	0.958131	0.974838	0.98544	0.99189	0.995652	0.997756	0.998882	0.999461	0.999745	0.999879	0.999939	0.999965	0.999976	0.99998	0.999982	0.999982	0.999983	0.999983	0.999983	0.999983	0.999983	0.999983	0.999983	0.999983	0.999982	0.999982	0.99998	0.999976	0.999965	0.999939	0.999879	0.999745	0.999461	0.998882	0.997756	0.995652	0.99189	0.98544	0.974838	0.958131	0.932881	0.896277	0.845377	0.777471	0.690547	0.58378	0.457931	0.315574	0.161027	0	
0	0.161022	0.315565	0.457919	0.583763	0.690529	0.77745	0.845355	0.896253	0.932856	0.958106	0.974813	0.985414	0.991864	0.995626	0.99773	0.998856	0.999435	0.999719	0.999853	0.999913	0.999939	0.99995	0.999954	0.999956	0.999956	0.999957	0.999957	0.999957	0.999957	0.999957	0.999957	0.999957	0.999957	0.999956	0.999956	0.999954	0.99995	0.999939	0.999913	0.999853	0.999719	0.999435	0.998856	0.99773	0.995626	0.991864	0.985414	0.974813	0.958106	0.932856	0.896253	0.845355	0.77745	0.690529	0.583763	0.457919	0.315565	0.161022	0	
0	0.161012	0.315545	0.457889	0.583727	0.690485	0.777402	0.845302	0.896198	0.932799	0.958047	0.974753	0.985354	0.991804	0.995566	0.997669	0.998796	0.999375	0.999659	0.999793	0.999853	0.999879	0.99989	0.999894	0.999895	0.999896	0.999896	0.999896	0.999896	0.999896	0.999896	0.999896	0.999896	0.999896	0.999896	0.999895	0.999894	0.99989	0.999879	0.999853	0.999793	0.999659	0.999375	0.998796	0.997669	0.995566	0.991804	0.985354	0.974753	0.958047	0.932799	0.896198	0.845302	0.777402	0.690485	0.583727	0.457889	0.315545	0.161012	0	
0	0.160989	0.3155	0.457825	0.583645	0.690389	0.777294	0.845186	0.896076	0.932672	0.957918	0.974622	0.985222	0.991671	0.995433	0.997536	0.998662	0.999241	0.999525	0.999659	0.999719	0.999745	0.999756	0.99976	0.999762	0.999762	0.999762	0.999762	0.999762	0.999762	0.999762	0.999762	0.999762	0.999762	0.999762	0.999762	0.99976	0.999756	0.999745	0.999719	0.999659	0.999525	0.999241	0.998662	0.997536	0.995433	0.991671	0.985222	0.974622	0.957918	0.932672	0.896076	0.845186	0.777294	0.690389	0.583645	0.457825	0.3155	0.160989	0	
0	0.160941	0.315406	0.457689	0.583472	0.690186	0.777067	0.84494	0.895816	0.932403	0.957643	0.974343	0.98494	0.991388	0.995149	0.997252	0.998378	0.998956	0.999241	0.999375	0.999435	0.999461	0.999471	0.999476	0.999477	0.999478	0.999478	0.999478	0.999478	0.999478	0.999478	0.999478	0.999478	0.999478	0.999478	0.999477	0.999476	0.999471	0.999461	0.999435	0.999375	0.999241	0.998956	0.998378	0.997252	0.995149	0.991388	0.98494	0.974343	0.957643	0.932403	0.895816	0.84494	0.777067	0.690186	0.583472	0.457689	0.315406	0.160941	0	
0	0.160844	0.315216	0.457414	0.583123	0.689775	0.776606	0.844441	0.89529	0.931857	0.957084	0.973776	0.984368	0.990813	0.994572	0.996674	0.9978	0.998378	0.998662	0.998796	0.998856	0.998882	0.998893	0.998897	0.998899	0.9989	0.9989	0.9989	0.9989	0.9989	0.9989	0.9989	0.9989	0.9989	0.9989	0.998899	0.998897	0.998893	0.998882	0.998856	0.998796	0.998662	0.998378	0.9978	0.996674	0.994572	0.990813	0.984368	0.973776	0.957084	0.931857	0.89529	0.844441	0.776606	0.689775	0.583123	0.457414	0.315216	0.160844	0	
0	0.160656	0.314848	0.456881	0.582446	0.688976	0.77571	0.843471	0.894265	0.930795	0.955996	0.972671	0.983254	0.989693	0.993449	0.995549	0.996674	0.997252	0.997536	0.997669	0.99773	0.997756	0.997766	0.99777	0.997772	0.997773	0.997773	0.997773	0.997773	0.997773	0.997773	0.997773	0.997773	0.997773	0.997773	0.997772	0.99777	0.997766	0.997756	0.99773	0.997669	0.997536	0.997252	0.996674	0.995549	0.993449	0.989693	0.983254	0.972671	0.955996	0.930795	0.894265	0.843471	0.77571	0.688976	0.582446	0.456881	0.314848	0.160656	0	
0	0.160306	0.314164	0.455891	0.581186	0.687491	0.774044	0.841666	0.892357	0.928814	0.953967	0.970611	0.981174	0.987602	0.991352	0.993449	0.994572	0.995149	0.995433	0.995566	0.995626	0.995652	0.995663	0.995667	0.995669	0.995669	0.995669	0.995669	0.99567	0.99567	0.99567	0.99567	0.995669	0.995669	0.995669	0.995669	0.995667	0.995663	0.995652	0.995626	0.995566	0.995433	0.995149	0.994572	0.993449	0.991352	0.987602	0.981174	0.970611	0.953967	0.928814	0.892357	0.841666	0.774044	0.687491	0.581186	0.455891	0.314164	0.160306	0	
0	0.159684	0.312946	0.454126	0.578942	0.684844	0.771072	0.838443	0.88895	0.925277	0.950342	0.966929	0.977457	0.983864	0.987602	0.989693	0.990813	0.991388	0.991671	0.991804	0.991864	0.99189	0.991901	0.991905	0.991906	0.991907	0.991907	0.991907	0.991907	0.991907	0.991907	0.991907	0.991907	0.991907	0.991907	0.991906	0.991905	0.991901	0.99189	0.991864	0.991804	0.991671	0.991388	0.990813	0.989693	0.987602	0.983864	0.977457	0.966929	0.950342	0.925277	0.88895	0.838443	0.771072	0.684844	0.578942	0.454126	0.312946	0.159684	0	
0	0.158622	0.310867	0.451113	0.575108	0.680319	0.765989	0.83293	0.883119	0.91922	0.944132	0.96062	0.971087	0.977457	0.981174	0.983254	0.984368	0.98494	0.985222	0.985354	0.985414	0.98544	0.98545	0.985454	0.985456	0.985457	0.985457	0.985457	0.985457	0.985457	0.985457	0.985457	0.985457	0.985457	0.985457	0.985456	0.985454	0.98545	0.98544	0.985414	0.985354	0.985222	0.98494	0.984368	0.983254	0.981174	0.977457	0.971087	0.96062	0.944132	0.91922	0.883119	0.83293	0.765989	0.680319	0.575108	0.451113	0.310867	0.158622	0	
0	0.156884	0.307462	0.446179	0.568828	0.672903	0.757656	0.823887	0.87355	0.909277	0.933934	0.950257	0.96062	0.966929	0.970611	0.972671	0.973776	0.974343	0.974622	0.974753	0.974813	0.974838	0.974849	0.974853	0.974855	0.974855	0.974855	0.974855	0.974855	0.974855	0.974855	0.974855	0.974855	0.974855	0.974855	0.974855	0.974853	0.974849	0.974838	0.974813	0.974753	0.974622	0.974343	0.973776	0.972671	0.970611	0.966929	0.96062	0.950257	0.933934	0.909277	0.87355	0.823887	0.757656	0.672903	0.568828	0.446179	0.307462	0.156884	0	
0	0.154154	0.302117	0.438429	0.55896	0.661247	0.744553	0.809662	0.85849	0.893624	0.917876	0.933934	0.944132	0.950342	0.953967	0.955996	0.957084	0.957643	0.957918	0.958047	0.958106	0.958131	0.958142	0.958146	0.958147	0.958148	0.958148	0.958148	0.958148	0.958148	0.958148	0.958148	0.958148	0.958148	0.958148	0.958147	0.958146	0.958142	0.958131	0.958106	0.958047	0.957918	0.957643	0.957084	0.955996	0.953967	0.950342	0.944132	0.933934	0.917876	0.893624	0.85849	0.809662	0.744553	0.661247	0.55896	0.438429	0.302117	0.154154	0	
0	0.150043	0.294063	0.426752	0.544087	0.643673	0.72479	0.788198	0.83576	0.86999	0.893624	0.909277	0.91922	0.925277	0.928814	0.930795	0.931857	0.932403	0.932672	0.932799	0.932856	0.932881	0.932891	0.932895	0.932896	0.932897	0.932897	0.932897	0.932897	0.932897	0.932897	0.932897	0.932897	0.932897	0.932897	0.932896	0.932895	0.932891	0.932881	0.932856	0.932799	0.932672	0.932403	0.931857	0.930795	0.928814	0.925277	0.91922	0.909277	0.893624	0.86999	0.83576	0.788198	0.72479	0.643673	0.544087	0.426752	0.294063	0.150043	0	
0	0.144102	0.282423	0.409869	0.522579	0.618251	0.696193	0.75713	0.802848	0.83576	0.85849	0.87355	0.883119	0.88895	0.892357	0.894265	0.89529	0.895816	0.896076	0.896198	0.896253	0.896277	0.896287	0.896291	0.896293	0.896293	0.896293	0.896293	0.896293	0.896293	0.896293	0.896293	0.896293	0.896293	0.896293	0.896293	0.896291	0.896287	0.896277	0.896253	0.896198	0.896076	0.895816	0.89529	0.894265	0.892357	0.88895	0.883119	0.87355	0.85849	0.83576	0.802848	0.75713	0.696193	0.618251	0.522579	0.409869	0.282423	0.144102	0	
0	0.135862	0.266278	0.386448	0.492735	0.582968	0.65649	0.713985	0.75713	0.788198	0.809662	0.823887	0.83293	0.838443	0.841666	0.843471	0.844441	0.84494	0.845186	0.845302	0.845355	0.845377	0.845387	0.84539	0.845392	0.845392	0.845393	0.845393	0.845393	0.845393	0.845393	0.845393	0.845393	0.845393	0.845392	0.845392	0.84539	0.845387	0.845377	0.845355	0.845302	0.845186	0.84494	0.844441	0.843471	0.841666	0.838443	0.83293	0.823887	0.809662	0.788198	0.75713	0.713985	0.65649	0.582968	0.492735	0.386448	0.266278	0.135862	0	
0	0.124894	0.244787	0.355268	0.452996	0.535974	0.603598	0.65649	0.696193	0.72479	0.744553	0.757656	0.765989	0.771072	0.774044	0.77571	0.776606	0.777067	0.777294	0.777402	0.77745	0.777471	0.77748	0.777483	0.777485	0.777485	0.777485	0.777485	0.777485	0.777485	0.777485	0.777485	0.777485	0.777485	0.777485	0.777485	0.777483	0.77748	0.777471	0.77745	0.777402	0.777294	0.777067	0.776606	0.77571	0.774044	0.771072	0.765989	0.757656	0.744553	0.72479	0.696193	0.65649	0.603598	0.535974	0.452996	0.355268	0.244787	0.124894	0	
0	0.110883	0.21733	0.315427	0.40221	0.475905	0.535974	0.582968	0.618251	0.643673	0.661247	0.672903	0.680319	0.684844	0.687491	0.688976	0.689775	0.690186	0.690389	0.690485	0.690529	0.690547	0.690555	0.690558	0.690559	0.69056	0.69056	0.69056	0.69056	0.69056	0.69056	0.69056	0.69056	0.69056	0.69056	0.690559	0.690558	0.690555	0.690547	0.690529	0.690485	0.690389	0.690186	0.689775	0.688976	0.687491	0.684844	0.680319	0.672903	0.661247	0.643673	0.618251	0.582968	0.535974	0.475905	0.40221	0.315427	0.21733	0.110883	0	
0	0.0937019	0.183658	0.266563	0.339913	0.40221	0.452996	0.492735	0.522579	0.544087	0.55896	0.568828	0.575108	0.578942	0.581186	0.582446	0.583123	0.583472	0.583645	0.583727	0.583763	0.58378	0.583786	0.583789	0.58379	0.58379	0.58379	0.58379	0.58379	0.58379	0.58379	0.58379	0.58379	0.58379	0.58379	0.58379	0.583789	0.583786	0.58378	0.583763	0.583727	0.583645	0.583472	0.583123	0.582446	0.581186	0.578942	0.575108	0.568828	0.55896	0.544087	0.522579	0.492735	0.452996	0.40221	0.339913	0.266563	0.183658	0.0937019	0	
0	0.0734773	0.144019	0.209035	0.266563	0.315427	0.355268	0.386448	0.409869	0.426752	0.438429	0.446179	0.451113	0.454126	0.455891	0.456881	0.457414	0.457689	0.457825	0.457889	0.457919	0.457931	0.457937	0.457939	0.457939	0.45794	0.45794	0.45794	0.45794	0.45794	0.45794	0.45794	0.45794	0.45794	0.45794	0.457939	0.457939	0.457937	0.457931	0.457919	0.457889	0.457825	0.457689	0.457414	0.456881	0.455891	0.454126	0.451113	0.446179	0.438429	0.426752	0.409869	0.386448	0.355268	0.315427	0.266563	0.209035	0.144019	0.0734773	0	
0	0.0506222	0.0992229	0.144019	0.183658	0.21733	0.244787	0.266278	0.282423	0.294063	0.302117	0.307462	0.310867	0.312946	0.314164	0.314848	0.315216	0.315406	0.3155	0.315545	0.315565	0.315574	0.315577	0.315579	0.315579	0.315579	0.315579	0.315579	0.315579	0.315579	0.315579	0.315579	0.315579	0.315579	0.315579	0.315579	0.315579	0.315577	0.315574	0.315565	0.315545	0.3155	0.315406	0.315216	0.314848	0.314164	0.312946	0.310867	0.307462	0.302117	0.294063	0.282423	0.266278	0.244787	0.21733	0.183658	0.144019	0.0992229	0.0506222	0	
0	0.0258266	0.0506222	0.0734773	0.0937019	0.110883	0.124894	0.135862	0.144102	0.150043	0.154154	0.156884	0.158622	0.159684	0.160306	0.160656	0.160844	0.160941	0.160989	0.161012	0.161022	0.161027	0.161028	0.161029	0.161029	0.16103	0.16103	0.16103	0.16103	0.16103	0.16103	0.16103	0.16103	0.16103	0.16103	0.161029	0.161029	0.161028	0.161027	0.161022	0.161012	0.160989	0.160941	0.160844	0.160656	0.160306	0.159684	0.158622	0.156884	0.154154	0.150043	0.144102	0.135862	0.124894	0.110883	0.0937019	0.0734773	0.0506222	0.0258266	0	
0	0	0	0	0	0	0	0	0	0	0	0	0	0	0	0	0	0	0	0	0	0	0	0	0	0	0	0	0	0	0	0	0	0	0	0	0	0	0	0	0	0	0	0	0	0	0	0	0	0	0	0	0	0	0	0	0	0	0	0	
