0	0	0	0	0	0	0	0	0	0	0	0	0	0	0	0	0	0	0	0	0	0	0	0	0	0	0	0	0	0	0	0	0	0	0	0	0	0	0	0	0	0	0	0	0	0	0	0	0	0	0	0	0	0	0	0	0	0	0	0	
0	0.0341357	0.0664794	0.0955156	0.120212	0.140111	0.155297	0.166274	0.173787	0.178654	0.181639	0.18337	0.18432	0.184813	0.185055	0.185167	0.185215	0.185236	0.185243	0.185246	0.185247	0.185248	0.185248	0.185248	0.185248	0.185248	0.185248	0.185248	0.185248	0.185248	0.185248	0.185248	0.185248	0.185248	0.185248	0.185248	0.185248	0.185248	0.185248	0.185247	0.185246	0.185243	0.185236	0.185215	0.185167	0.185055	0.184813	0.18432	0.18337	0.181639	0.178654	0.173787	0.166274	0.155297	0.140111	0.120212	0.0955156	0.0664794	0.0341357	0	
0	0.0664794	0.129467	0.18601	0.234097	0.272838	0.302401	0.323765	0.338383	0.347852	0.353656	0.357022	0.358868	0.359826	0.360295	0.360512	0.360606	0.360645	0.360661	0.360666	0.360668	0.360669	0.360669	0.360669	0.360669	0.360669	0.360669	0.360669	0.360669	0.360669	0.360669	0.360669	0.360669	0.360669	0.360669	0.360669	0.360669	0.360669	0.360669	0.360668	0.360666	0.360661	0.360645	0.360606	0.360512	0.360295	0.359826	0.358868	0.357022	0.353656	0.347852	0.338383	0.323765	0.302401	0.272838	0.234097	0.18601	0.129467	0.0664794	0	
0	0.0955156	0.18601	0.267238	0.336308	0.391943	0.434387	0.465051	0.486025	0.499605	0.507926	0.512749	0.515393	0.516763	0.517434	0.517744	0.517879	0.517935	0.517957	0.517965	0.517967	0.517968	0.517969	0.517969	0.517969	0.517969	0.517969	0.517969	0.517969	0.517969	0.517969	0.517969	0.517969	0.517969	0.517969	0.517969	0.517969	0.517969	0.517968	0.517967	0.517965	0.517957	0.517935	0.517879	0.517744	0.517434	0.516763	0.515393	0.512749	0.507926	0.499605	0.486025	0.465051	0.434387	0.391943	0.336308	0.267238	0.18601	0.0955156	0	
0	0.120212	0.234097	0.336308	0.423205	0.493182	0.546551	0.585092	0.611444	0.628497	0.638939	0.644988	0.648302	0.650017	0.650856	0.651244	0.651413	0.651482	0.651509	0.651519	0.651523	0.651524	0.651524	0.651524	0.651524	0.651524	0.651524	0.651524	0.651524	0.651524	0.651524	0.651524	0.651524	0.651524	0.651524	0.651524	0.651524	0.651524	0.651524	0.651523	0.651519	0.651509	0.651482	0.651413	0.651244	0.650856	0.650017	0.648302	0.644988	0.638939	0.628497	0.611444	0.585092	0.546551	0.493182	0.423205	0.336308	0.234097	0.120212	0	
0	0.140111	0.272838	0.391943	0.493182	0.574685	0.636823	0.681678	0.71233	0.732155	0.744287	0.75131	0.755153	0.757141	0.758113	0.758561	0.758756	0.758836	0.758867	0.758878	0.758882	0.758884	0.758884	0.758884	0.758884	0.758884	0.758884	0.758884	0.758884	0.758884	0.758884	0.758884	0.758884	0.758884	0.758884	0.758884	0.758884	0.758884	0.758884	0.758882	0.758878	0.758867	0.758836	0.758756	0.758561	0.758113	0.757141	0.755153	0.75131	0.744287	0.732155	0.71233	0.681678	0.636823	0.574685	0.493182	0.391943	0.272838	0.140111	0	
0	0.155297	0.302401	0.434387	0.546551	0.636823	0.70562	0.755261	0.789166	0.811082	0.824484	0.832236	0.836475	0.838666	0.839735	0.840228	0.840442	0.84053	0.840564	0.840576	0.840581	0.840582	0.840582	0.840583	0.840583	0.840583	0.840583	0.840583	0.840583	0.840583	0.840583	0.840583	0.840583	0.840583	0.840583	0.840583	0.840583	0.840582	0.840582	0.840581	0.840576	0.840564	0.84053	0.840442	0.840228	0.839735	0.838666	0.836475	0.832236	0.824484	0.811082	0.789166	0.755261	0.70562	0.636823	0.546551	0.434387	0.302401	0.155297	0	
0	0.166274	0.323765	0.465051	0.585092	0.681678	0.755261	0.808333	0.844563	0.867969	0.882273	0.89054	0.895057	0.89739	0.898527	0.899051	0.899278	0.899372	0.899407	0.899421	0.899425	0.899426	0.899427	0.899427	0.899427	0.899427	0.899427	0.899427	0.899427	0.899427	0.899427	0.899427	0.899427	0.899427	0.899427	0.899427	0.899427	0.899427	0.899426	0.899425	0.899421	0.899407	0.899372	0.899278	0.899051	0.898527	0.89739	0.895057	0.89054	0.882273	0.867969	0.844563	0.808333	0.755261	0.681678	0.585092	0.465051	0.323765	0.166274	0	
0	0.173787	0.338383	0.486025	0.611444	0.71233	0.789166	0.844563	0.882365	0.906773	0.921681	0.930292	0.934994	0.937419	0.938601	0.939145	0.939381	0.939478	0.939515	0.939528	0.939533	0.939534	0.939535	0.939535	0.939535	0.939535	0.939535	0.939535	0.939535	0.939535	0.939535	0.939535	0.939535	0.939535	0.939535	0.939535	0.939535	0.939535	0.939534	0.939533	0.939528	0.939515	0.939478	0.939381	0.939145	0.938601	0.937419	0.934994	0.930292	0.921681	0.906773	0.882365	0.844563	0.789166	0.71233	0.611444	0.486025	0.338383	0.173787	0	
0	0.178654	0.347852	0.499605	0.628497	0.732155	0.811082	0.867969	0.906773	0.931818	0.947108	0.955935	0.960751	0.963235	0.964444	0.965	0.965241	0.96534	0.965378	0.965392	0.965396	0.965398	0.965398	0.965398	0.965398	0.965398	0.965398	0.965398	0.965398	0.965398	0.965398	0.965398	0.965398	0.965398	0.965398	0.965398	0.965398	0.965398	0.965398	0.965396	0.965392	0.965378	0.96534	0.965241	0.965	0.964444	0.963235	0.960751	0.955935	0.947108	0.931818	0.906773	0.867969	0.811082	0.732155	0.628497	0.499605	0.347852	0.178654	0	
0	0.181639	0.353656	0.507926	0.638939	0.744287	0.824484	0.882273	0.921681	0.947108	0.962625	0.97158	0.976465	0.978982	0.980207	0.98077	0.981014	0.981114	0.981152	0.981166	0.981171	0.981172	0.981173	0.981173	0.981173	0.981173	0.981173	0.981173	0.981173	0.981173	0.981173	0.981173	0.981173	0.981173	0.981173	0.981173	0.981173	0.981173	0.981172	0.981171	0.981166	0.981152	0.981114	0.981014	0.98077	0.980207	0.978982	0.976465	0.97158	0.962625	0.947108	0.921681	0.882273	0.824484	0.744287	0.638939	0.507926	0.353656	0.181639	0	
0	0.18337	0.357022	0.512749	0.644988	0.75131	0.832236	0.89054	0.930292	0.955935	0.97158	0.980606	0.985528	0.988064	0.989298	0.989864	0.99011	0.99021	0.990249	0.990263	0.990267	0.990269	0.990269	0.990269	0.990269	0.990269	0.990269	0.990269	0.990269	0.990269	0.990269	0.990269	0.990269	0.990269	0.990269	0.990269	0.990269	0.990269	0.990269	0.990267	0.990263	0.990249	0.99021	0.99011	0.989864	0.989298	0.988064	0.985528	0.980606	0.97158	0.955935	0.930292	0.89054	0.832236	0.75131	0.644988	0.512749	0.357022	0.18337	0	
0	0.18432	0.358868	0.515393	0.648302	0.755153	0.836475	0.895057	0.934994	0.960751	0.976465	0.985528	0.99047	0.993015	0.994253	0.994822	0.995068	0.995168	0.995207	0.995221	0.995226	0.995227	0.995228	0.995228	0.995228	0.995228	0.995228	0.995228	0.995228	0.995228	0.995228	0.995228	0.995228	0.995228	0.995228	0.995228	0.995228	0.995228	0.995227	0.995226	0.995221	0.995207	0.995168	0.995068	0.994822	0.994253	0.993015	0.99047	0.985528	0.976465	0.960751	0.934994	0.895057	0.836475	0.755153	0.648302	0.515393	0.358868	0.18432	0	
0	0.184813	0.359826	0.516763	0.650017	0.757141	0.838666	0.89739	0.937419	0.963235	0.978982	0.988064	0.993015	0.995565	0.996805	0.997374	0.997621	0.997722	0.99776	0.997774	0.997779	0.997781	0.997781	0.997781	0.997781	0.997781	0.997781	0.997781	0.997781	0.997781	0.997781	0.997781	0.997781	0.997781	0.997781	0.997781	0.997781	0.997781	0.997781	0.997779	0.997774	0.99776	0.997722	0.997621	0.997374	0.996805	0.995565	0.993015	0.988064	0.978982	0.963235	0.937419	0.89739	0.838666	0.757141	0.650017	0.516763	0.359826	0.184813	0	
0	0.185055	0.360295	0.517434	0.650856	0.758113	0.839735	0.898527	0.938601	0.964444	0.980207	0.989298	0.994253	0.996805	0.998046	0.998616	0.998863	0.998963	0.999002	0.999016	0.999021	0.999022	0.999023	0.999023	0.999023	0.999023	0.999023	0.999023	0.999023	0.999023	0.999023	0.999023	0.999023	0.999023	0.999023	0.999023	0.999023	0.999023	0.999022	0.999021	0.999016	0.999002	0.998963	0.998863	0.998616	0.998046	0.996805	0.994253	0.989298	0.980207	0.964444	0.938601	0.898527	0.839735	0.758113	0.650856	0.517434	0.360295	0.185055	0	
0	0.185167	0.360512	0.517744	0.651244	0.758561	0.840228	0.899051	0.939145	0.965	0.98077	0.989864	0.994822	0.997374	0.998616	0.999186	0.999432	0.999533	0.999572	0.999586	0.999591	0.999592	0.999593	0.999593	0.999593	0.999593	0.999593	0.999593	0.999593	0.999593	0.999593	0.999593	0.999593	0.999593	0.999593	0.999593	0.999593	0.999593	0.999592	0.999591	0.999586	0.999572	0.999533	0.999432	0.999186	0.998616	0.997374	0.994822	0.989864	0.98077	0.965	0.939145	0.899051	0.840228	0.758561	0.651244	0.517744	0.360512	0.185167	0	
0	0.185215	0.360606	0.517879	0.651413	0.758756	0.840442	0.899278	0.939381	0.965241	0.981014	0.99011	0.995068	0.997621	0.998863	0.999432	0.999679	0.99978	0.999819	0.999833	0.999837	0.999839	0.999839	0.99984	0.99984	0.99984	0.99984	0.99984	0.99984	0.99984	0.99984	0.99984	0.99984	0.99984	0.99984	0.99984	0.99984	0.999839	0.999839	0.999837	0.999833	0.999819	0.99978	0.999679	0.999432	0.998863	0.997621	0.995068	0.99011	0.981014	0.965241	0.939381	0.899278	0.840442	0.758756	0.651413	0.517879	0.360606	0.185215	0	
0	0.185236	0.360645	0.517935	0.651482	0.758836	0.84053	0.899372	0.939478	0.96534	0.981114	0.99021	0.995168	0.997722	0.998963	0.999533	0.99978	0.999881	0.999919	0.999933	0.999938	0.99994	0.99994	0.99994	0.99994	0.99994	0.99994	0.99994	0.99994	0.99994	0.99994	0.99994	0.99994	0.99994	0.99994	0.99994	0.99994	0.99994	0.99994	0.999938	0.999933	0.999919	0.999881	0.99978	0.999533	0.998963	0.997722	0.995168	0.99021	0.981114	0.96534	0.939478	0.899372	0.84053	0.758836	0.651482	0.517935	0.360645	0.185236	0	
0	0.185243	0.360661	0.517957	0.651509	0.758867	0.840564	0.899407	0.939515	0.965378	0.981152	0.990249	0.995207	0.99776	0.999002	0.999572	0.999819	0.999919	0.999958	0.999972	0.999977	0.999978	0.999979	0.999979	0.999979	0.999979	0.999979	0.999979	0.999979	0.999979	0.999979	0.999979	0.999979	0.999979	0.999979	0.999979	0.999979	0.999979	0.999978	0.999977	0.999972	0.999958	0.999919	0.999819	0.999572	0.999002	0.99776	0.995207	0.990249	0.981152	0.965378	0.939515	0.899407	0.840564	0.758867	0.651509	0.517957	0.360661	0.185243	0	
0	0.185246	0.360666	0.517965	0.651519	0.758878	0.840576	0.899421	0.939528	0.965392	0.981166	0.990263	0.995221	0.997774	0.999016	0.999586	0.999833	0.999933	0.999972	0.999986	0.999991	0.999992	0.999993	0.999993	0.999993	0.999993	0.999993	0.999993	0.999993	0.999993	0.999993	0.999993	0.999993	0.999993	0.999993	0.999993	0.999993	0.999993	0.999992	0.999991	0.999986	0.999972	0.999933	0.999833	0.999586	0.999016	0.997774	0.995221	0.990263	0.981166	0.965392	0.939528	0.899421	0.840576	0.758878	0.651519	0.517965	0.360666	0.185246	0	
0	0.185247	0.360668	0.517967	0.651523	0.758882	0.840581	0.899425	0.939533	0.965396	0.981171	0.990267	0.995226	0.997779	0.999021	0.999591	0.999837	0.999938	0.999977	0.999991	0.999996	0.999997	0.999998	0.999998	0.999998	0.999998	0.999998	0.999998	0.999998	0.999998	0.999998	0.999998	0.999998	0.999998	0.999998	0.999998	0.999998	0.999998	0.999997	0.999996	0.999991	0.999977	0.999938	0.999837	0.999591	0.999021	0.997779	0.995226	0.990267	0.981171	0.965396	0.939533	0.899425	0.840581	0.758882	0.651523	0.517967	0.360668	0.185247	0	
0	0.185248	0.360669	0.517968	0.651524	0.758884	0.840582	0.899426	0.939534	0.965398	0.981172	0.990269	0.995227	0.997781	0.999022	0.999592	0.999839	0.99994	0.999978	0.999992	0.999997	0.999999	0.999999	0.999999	0.999999	0.999999	0.999999	0.999999	0.999999	0.999999	0.999999	0.999999	0.999999	0.999999	0.999999	0.999999	0.999999	0.999999	0.999999	0.999997	0.999992	0.999978	0.99994	0.999839	0.999592	0.999022	0.997781	0.995227	0.990269	0.981172	0.965398	0.939534	0.899426	0.840582	0.758884	0.651524	0.517968	0.360669	0.185248	0	
0	0.185248	0.360669	0.517969	0.651524	0.758884	0.840582	0.899427	0.939535	0.965398	0.981173	0.990269	0.995228	0.997781	0.999023	0.999593	0.999839	0.99994	0.999979	0.999993	0.999998	0.999999	1	1	1	1	1	1	1	1	1	1	1	1	1	1	1	1	0.999999	0.999998	0.999993	0.999979	0.99994	0.999839	0.999593	0.999023	0.997781	0.995228	0.990269	0.981173	0.965398	0.939535	0.899427	0.840582	0.758884	0.651524	0.517969	0.360669	0.185248	0	
0	0.185248	0.360669	0.517969	0.651524	0.758884	0.840583	0.899427	0.939535	0.965398	0.981173	0.990269	0.995228	0.997781	0.999023	0.999593	0.99984	0.99994	0.999979	0.999993	0.999998	0.999999	1	1	1	1	1	1	1	1	1	1	1	1	1	1	1	1	0.999999	0.999998	0.999993	0.999979	0.99994	0.99984	0.999593	0.999023	0.997781	0.995228	0.990269	0.981173	0.965398	0.939535	0.899427	0.840583	0.758884	0.651524	0.517969	0.360669	0.185248	0	
0	0.185248	0.360669	0.517969	0.651524	0.758884	0.840583	0.899427	0.939535	0.965398	0.981173	0.990269	0.995228	0.997781	0.999023	0.999593	0.99984	0.99994	0.999979	0.999993	0.999998	0.999999	1	1	1	1	1	1	1	1	1	1	1	1	1	1	1	1	0.999999	0.999998	0.999993	0.999979	0.99994	0.99984	0.999593	0.999023	0.997781	0.995228	0.990269	0.981173	0.965398	0.939535	0.899427	0.840583	0.758884	0.651524	0.517969	0.360669	0.185248	0	
0	0.185248	0.360669	0.517969	0.651524	0.758884	0.840583	0.899427	0.939535	0.965398	0.981173	0.990269	0.995228	0.997781	0.999023	0.999593	0.99984	0.99994	0.999979	0.999993	0.999998	0.999999	1	1	1	1	1	1	1	1	1	1	1	1	1	1	1	1	0.999999	0.999998	0.999993	0.999979	0.99994	0.99984	0.999593	0.999023	0.997781	0.995228	0.990269	0.981173	0.965398	0.939535	0.899427	0.840583	0.758884	0.651524	0.517969	0.360669	0.185248	0	
0	0.185248	0.360669	0.517969	0.651524	0.758884	0.840583	0.899427	0.939535	0.965398	0.981173	0.990269	0.995228	0.997781	0.999023	0.999593	0.99984	0.99994	0.999979	0.999993	0.999998	0.999999	1	1	1	1	1	1	1	1	1	1	1	1	1	1	1	1	0.999999	0.999998	0.999993	0.999979	0.99994	0.99984	0.999593	0.999023	0.997781	0.995228	0.990269	0.981173	0.965398	0.939535	0.899427	0.840583	0.758884	0.651524	0.517969	0.360669	0.185248	0	
0	0.185248	0.360669	0.517969	0.651524	0.758884	0.840582	0.899427	0.939535	0.965398	0.981173	0.990269	0.995228	0.997781	0.999023	0.999593	0.999839	0.99994	0.999979	0.999993	0.999998	0.999999	1	1	1	1	1	1	1	1	1	1	1	1	1	1	1	1	0.999999	0.999998	0.999993	0.999979	0.99994	0.999839	0.999593	0.999023	0.997781	0.995228	0.990269	0.981173	0.965398	0.939535	0.899427	0.840582	0.758884	0.651524	0.517969	0.360669	0.185248	0	
0	0.185248	0.360669	0.517968	0.651524	0.758884	0.840582	0.899426	0.939534	0.965398	0.981172	0.990269	0.995227	0.997781	0.999022	0.999592	0.999839	0.99994	0.999978	0.999992	0.999997	0.999999	0.999999	0.999999	0.999999	0.999999	0.999999	0.999999	0.999999	0.999999	0.999999	0.999999	0.999999	0.999999	0.999999	0.999999	0.999999	0.999999	0.999999	0.999997	0.999992	0.999978	0.99994	0.999839	0.999592	0.999022	0.997781	0.995227	0.990269	0.981172	0.965398	0.939534	0.899426	0.840582	0.758884	0.651524	0.517968	0.360669	0.185248	0	
0	0.185247	0.360668	0.517967	0.651523	0.758882	0.840581	0.899425	0.939533	0.965396	0.981171	0.990267	0.995226	0.997779	0.999021	0.999591	0.999837	0.999938	0.999977	0.999991	0.999996	0.999997	0.999998	0.999998	0.999998	0.999998	0.999998	0.999998	0.999998	0.999998	0.999998	0.999998	0.999998	0.999998	0.999998	0.999998	0.999998	0.999998	0.999997	0.999996	0.999991	0.999977	0.999938	0.999837	0.999591	0.999021	0.997779	0.995226	0.990267	0.981171	0.965396	0.939533	0.899425	0.840581	0.758882	0.651523	0.517967	0.360668	0.185247	0	
0	0.185246	0.360666	0.517965	0.651519	0.758878	0.840576	0.899421	0.939528	0.965392	0.981166	0.990263	0.995221	0.997774	0.999016	0.999586	0.999833	0.999933	0.999972	0.999986	0.999991	0.999992	0.999993	0.999993	0.999993	0.999993	0.999993	0.999993	0.999993	0.999993	0.999993	0.999993	0.999993	0.999993	0.999993	0.999993	0.999993	0.999993	0.999992	0.999991	0.999986	0.999972	0.999933	0.999833	0.999586	0.999016	0.997774	0.995221	0.990263	0.981166	0.965392	0.939528	0.899421	0.840576	0.758878	0.651519	0.517965	0.360666	0.185246	0	
0	0.185243	0.360661	0.517957	0.651509	0.758867	0.840564	0.899407	0.939515	0.965378	0.981152	0.990249	0.995207	0.99776	0.999002	0.999572	0.999819	0.999919	0.999958	0.999972	0.999977	0.999978	0.999979	0.999979	0.999979	0.999979	0.999979	0.999979	0.999979	0.999979	0.999979	0.999979	0.999979	0.999979	0.999979	0.999979	0.999979	0.999979	0.999978	0.999977	0.999972	0.999958	0.999919	0.999819	0.999572	0.999002	0.99776	0.995207	0.990249	0.981152	0.965378	0.939515	0.899407	0.840564	0.758867	0.651509	0.517957	0.360661	0.185243	0	
0	0.185236	0.360645	0.517935	0.651482	0.758836	0.84053	0.899372	0.939478	0.96534	0.981114	0.99021	0.995168	0.997722	0.998963	0.999533	0.99978	0.999881	0.999919	0.999933	0.999938	0.99994	0.99994	0.99994	0.99994	0.99994	0.99994	0.99994	0.99994	0.99994	0.99994	0.99994	0.99994	0.99994	0.99994	0.99994	0.99994	0.99994	0.99994	0.999938	0.999933	0.999919	0.999881	0.99978	0.999533	0.998963	0.997722	0.995168	0.99021	0.981114	0.96534	0.939478	0.899372	0.84053	0.758836	0.651482	0.517935	0.360645	0.185236	0	
0	0.185215	0.360606	0.517879	0.651413	0.758756	0.840442	0.899278	0.939381	0.965241	0.981014	0.99011	0.995068	0.997621	0.998863	0.999432	0.999679	0.99978	0.999819	0.999833	0.999837	0.999839	0.999839	0.99984	0.99984	0.99984	0.99984	0.99984	0.99984	0.99984	0.99984	0.99984	0.99984	0.99984	0.99984	0.99984	0.99984	0.999839	0.999839	0.999837	0.999833	0.999819	0.99978	0.999679	0.999432	0.998863	0.997621	0.995068	0.99011	0.981014	0.965241	0.939381	0.899278	0.840442	0.758756	0.651413	0.517879	0.360606	0.185215	0	
0	0.185167	0.360512	0.517744	0.651244	0.758561	0.840228	0.899051	0.939145	0.965	0.98077	0.989864	0.994822	0.997374	0.998616	0.999186	0.999432	0.999533	0.999572	0.999586	0.999591	0.999592	0.999593	0.999593	0.999593	0.999593	0.999593	0.999593	0.999593	0.999593	0.999593	0.999593	0.999593	0.999593	0.999593	0.999593	0.999593	0.999593	0.999592	0.999591	0.999586	0.999572	0.999533	0.999432	0.999186	0.998616	0.997374	0.994822	0.989864	0.98077	0.965	0.939145	0.899051	0.840228	0.758561	0.651244	0.517744	0.360512	0.185167	0	
0	0.185055	0.360295	0.517434	0.650856	0.758113	0.839735	0.898527	0.938601	0.964444	0.980207	0.989298	0.994253	0.996805	0.998046	0.998616	0.998863	0.998963	0.999002	0.999016	0.999021	0.999022	0.999023	0.999023	0.999023	0.999023	0.999023	0.999023	0.999023	0.999023	0.999023	0.999023	0.999023	0.999023	0.999023	0.999023	0.999023	0.999023	0.999022	0.999021	0.999016	0.999002	0.998963	0.998863	0.998616	0.998046	0.996805	0.994253	0.989298	0.980207	0.964444	0.938601	0.898527	0.839735	0.758113	0.650856	0.517434	0.360295	0.185055	0	
0	0.184813	0.359826	0.516763	0.650017	0.757141	0.838666	0.89739	0.937419	0.963235	0.978982	0.988064	0.993015	0.995565	0.996805	0.997374	0.997621	0.997722	0.99776	0.997774	0.997779	0.997781	0.997781	0.997781	0.997781	0.997781	0.997781	0.997781	0.997781	0.997781	0.997781	0.997781	0.997781	0.997781	0.997781	0.997781	0.997781	0.997781	0.997781	0.997779	0.997774	0.99776	0.997722	0.997621	0.997374	0.996805	0.995565	0.993015	0.988064	0.978982	0.963235	0.937419	0.89739	0.838666	0.757141	0.650017	0.516763	0.359826	0.184813	0	
0	0.18432	0.358868	0.515393	0.648302	0.755153	0.836475	0.895057	0.934994	0.960751	0.976465	0.985528	0.99047	0.993015	0.994253	0.994822	0.995068	0.995168	0.995207	0.995221	0.995226	0.995227	0.995228	0.995228	0.995228	0.995228	0.995228	0.995228	0.995228	0.995228	0.995228	0.995228	0.995228	0.995228	0.995228	0.995228	0.995228	0.995228	0.995227	0.995226	0.995221	0.995207	0.995168	0.995068	0.994822	0.994253	0.993015	0.99047	0.985528	0.976465	0.960751	0.934994	0.895057	0.836475	0.755153	0.648302	0.515393	0.358868	0.18432	0	
0	0.18337	0.357022	0.512749	0.644988	0.75131	0.832236	0.89054	0.930292	0.955935	0.97158	0.980606	0.985528	0.988064	0.989298	0.989864	0.99011	0.99021	0.990249	0.990263	0.990267	0.990269	0.990269	0.990269	0.990269	0.990269	0.990269	0.990269	0.990269	0.990269	0.990269	0.990269	0.990269	0.990269	0.990269	0.990269	0.990269	0.990269	0.990269	0.990267	0.990263	0.990249	0.99021	0.99011	0.989864	0.989298	0.988064	0.985528	0.980606	0.97158	0.955935	0.930292	0.89054	0.832236	0.75131	0.644988	0.512749	0.357022	0.18337	0	
0	0.181639	0.353656	0.507926	0.638939	0.744287	0.824484	0.882273	0.921681	0.947108	0.962625	0.97158	0.976465	0.978982	0.980207	0.98077	0.981014	0.981114	0.981152	0.981166	0.981171	0.981172	0.981173	0.981173	0.981173	0.981173	0.981173	0.981173	0.981173	0.981173	0.981173	0.981173	0.981173	0.981173	0.981173	0.981173	0.981173	0.981173	0.981172	0.981171	0.981166	0.981152	0.981114	0.981014	0.98077	0.980207	0.978982	0.976465	0.97158	0.962625	0.947108	0.921681	0.882273	0.824484	0.744287	0.638939	0.507926	0.353656	0.181639	0	
0	0.178654	0.347852	0.499605	0.628497	0.732155	0.811082	0.867969	0.906773	0.931818	0.947108	0.955935	0.960751	0.963235	0.964444	0.965	0.965241	0.96534	0.965378	0.965392	0.965396	0.965398	0.965398	0.965398	0.965398	0.965398	0.965398	0.965398	0.965398	0.965398	0.965398	0.965398	0.965398	0.965398	0.965398	0.965398	0.965398	0.965398	0.965398	0.965396	0.965392	0.965378	0.96534	0.965241	0.965	0.964444	0.963235	0.960751	0.955935	0.947108	0.931818	0.906773	0.867969	0.811082	0.732155	0.628497	0.499605	0.347852	0.178654	0	
0	0.173787	0.338383	0.486025	0.611444	0.71233	0.789166	0.844563	0.882365	0.906773	0.921681	0.930292	0.934994	0.937419	0.938601	0.939145	0.939381	0.939478	0.939515	0.939528	0.939533	0.939534	0.939535	0.939535	0.939535	0.939535	0.939535	0.939535	0.939535	0.939535	0.939535	0.939535	0.939535	0.939535	0.939535	0.939535	0.939535	0.939535	0.939534	0.939533	0.939528	0.939515	0.939478	0.939381	0.939145	0.938601	0.937419	0.934994	0.930292	0.921681	0.906773	0.882365	0.844563	0.789166	0.71233	0.611444	0.486025	0.338383	0.173787	0	
0	0.166274	0.323765	0.465051	0.585092	0.681678	0.755261	0.808333	0.844563	0.867969	0.882273	0.89054	0.895057	0.89739	0.898527	0.899051	0.899278	0.899372	0.899407	0.899421	0.899425	0.899426	0.899427	0.899427	0.899427	0.899427	0.899427	0.899427	0.899427	0.899427	0.899427	0.899427	0.899427	0.899427	0.899427	0.899427	0.899427	0.899427	0.899426	0.899425	0.899421	0.899407	0.899372	0.899278	0.899051	0.898527	0.89739	0.895057	0.89054	0.882273	0.867969	0.844563	0.808333	0.755261	0.681678	0.585092	0.465051	0.323765	0.166274	0	
0	0.155297	0.302401	0.434387	0.546551	0.636823	0.70562	0.755261	0.789166	0.811082	0.824484	0.832236	0.836475	0.838666	0.839735	0.840228	0.840442	0.84053	0.840564	0.840576	0.840581	0.840582	0.840582	0.840583	0.840583	0.840583	0.840583	0.840583	0.840583	0.840583	0.840583	0.840583	0.840583	0.840583	0.840583	0.840583	0.840583	0.840582	0.840582	0.840581	0.840576	0.840564	0.84053	0.840442	0.840228	0.839735	0.838666	0.836475	0.832236	0.824484	0.811082	0.789166	0.755261	0.70562	0.636823	0.546551	0.434387	0.302401	0.155297	0	
0	0.140111	0.272838	0.391943	0.493182	0.574685	0.636823	0.681678	0.71233	0.732155	0.744287	0.75131	0.755153	0.757141	0.758113	0.758561	0.758756	0.758836	0.758867	0.758878	0.758882	0.758884	0.758884	0.758884	0.758884	0.758884	0.758884	0.758884	0.758884	0.758884	0.758884	0.758884	0.758884	0.758884	0.758884	0.758884	0.758884	0.758884	0.758884	0.758882	0.758878	0.758867	0.758836	0.758756	0.758561	0.758113	0.757141	0.755153	0.75131	0.744287	0.732155	0.71233	0.681678	0.636823	0.574685	0.493182	0.391943	0.272838	0.140111	0	
0	0.120212	0.234097	0.336308	0.423205	0.493182	0.546551	0.585092	0.611444	0.628497	0.638939	0.644988	0.648302	0.650017	0.650856	0.651244	0.651413	0.651482	0.651509	0.651519	0.651523	0.651524	0.651524	0.651524	0.651524	0.651524	0.651524	0.651524	0.651524	0.651524	0.651524	0.651524	0.651524	0.651524	0.651524	0.651524	0.651524	0.651524	0.651524	0.651523	0.651519	0.651509	0.651482	0.651413	0.651244	0.650856	0.650017	0.648302	0.644988	0.638939	0.628497	0.611444	0.585092	0.546551	0.493182	0.423205	0.336308	0.234097	0.120212	0	
0	0.0955156	0.18601	0.267238	0.336308	0.391943	0.434387	0.465051	0.486025	0.499605	0.507926	0.512749	0.515393	0.516763	0.517434	0.517744	0.517879	0.517935	0.517957	0.517965	0.517967	0.517968	0.517969	0.517969	0.517969	0.517969	0.517969	0.517969	0.517969	0.517969	0.517969	0.517969	0.517969	0.517969	0.517969	0.517969	0.517969	0.517969	0.517968	0.517967	0.517965	0.517957	0.517935	0.517879	0.517744	0.517434	0.516763	0.515393	0.512749	0.507926	0.499605	0.486025	0.465051	0.434387	0.391943	0.336308	0.267238	0.18601	0.0955156	0	
0	0.0664794	0.129467	0.18601	0.234097	0.272838	0.302401	0.323765	0.338383	0.347852	0.353656	0.357022	0.358868	0.359826	0.360295	0.360512	0.360606	0.360645	0.360661	0.360666	0.360668	0.360669	0.360669	0.360669	0.360669	0.360669	0.360669	0.360669	0.360669	0.360669	0.360669	0.360669	0.360669	0.360669	0.360669	0.360669	0.360669	0.360669	0.360669	0.360668	0.360666	0.360661	0.360645	0.360606	0.360512	0.360295	0.359826	0.358868	0.357022	0.353656	0.347852	0.338383	0.323765	0.302401	0.272838	0.234097	0.18601	0.129467	0.0664794	0	
0	0.0341357	0.0664794	0.0955156	0.120212	0.140111	0.155297	0.166274	0.173787	0.178654	0.181639	0.18337	0.18432	0.184813	0.185055	0.185167	0.185215	0.185236	0.185243	0.185246	0.185247	0.185248	0.185248	0.185248	0.185248	0.185248	0.185248	0.185248	0.185248	0.185248	0.185248	0.185248	0.185248	0.185248	0.185248	0.185248	0.185248	0.185248	0.185248	0.185247	0.185246	0.185243	0.185236	0.185215	0.185167	0.185055	0.184813	0.18432	0.18337	0.181639	0.178654	0.173787	0.166274	0.155297	0.140111	0.120212	0.0955156	0.0664794	0.0341357	0	
0	0	0	0	0	0	0	0	0	0	0	0	0	0	0	0	0	0	0	0	0	0	0	0	0	0	0	0	0	0	0	0	0	0	0	0	0	0	0	0	0	0	0	0	0	0	0	0	0	0	0	0	0	0	0	0	0	0	0	0	
