0	0	0	0	0	0	0	0	0	0	0	0	0	0	0	0	0	0	0	0	0	0	0	0	0	0	0	0	0	0	0	0	0	0	0	0	0	0	0	0	0	0	0	0	0	0	0	0	0	0	0	0	0	0	0	0	0	0	0	0	
0	0.0210454	0.0414042	0.060456	0.0777027	0.0928053	0.105598	0.116079	0.124385	0.130751	0.13547	0.138853	0.141198	0.14277	0.143788	0.144426	0.144812	0.145038	0.145166	0.145236	0.145272	0.145291	0.1453	0.145305	0.145307	0.145308	0.145308	0.145308	0.145308	0.145308	0.145308	0.145308	0.145308	0.145308	0.145308	0.145307	0.145305	0.1453	0.145291	0.145272	0.145236	0.145166	0.145038	0.144812	0.144426	0.143788	0.14277	0.141198	0.138853	0.13547	0.130751	0.124385	0.116079	0.105598	0.0928053	0.0777027	0.060456	0.0414042	0.0210454	0	
0	0.0414042	0.0814572	0.118938	0.152868	0.182578	0.207743	0.228361	0.244698	0.25722	0.266501	0.273153	0.277764	0.280854	0.282856	0.28411	0.284869	0.285313	0.285565	0.285702	0.285774	0.285811	0.285829	0.285838	0.285842	0.285844	0.285844	0.285845	0.285845	0.285845	0.285845	0.285845	0.285845	0.285844	0.285844	0.285842	0.285838	0.285829	0.285811	0.285774	0.285702	0.285565	0.285313	0.284869	0.28411	0.282856	0.280854	0.277764	0.273153	0.266501	0.25722	0.244698	0.228361	0.207743	0.182578	0.152868	0.118938	0.0814572	0.0414042	0	
0	0.060456	0.118938	0.173665	0.223203	0.266579	0.303317	0.333414	0.357262	0.375538	0.389082	0.398789	0.405517	0.410024	0.412944	0.414773	0.41588	0.416527	0.416893	0.417093	0.417199	0.417253	0.417279	0.417292	0.417297	0.4173	0.417301	0.417302	0.417302	0.417302	0.417302	0.417302	0.417302	0.417301	0.4173	0.417297	0.417292	0.417279	0.417253	0.417199	0.417093	0.416893	0.416527	0.41588	0.414773	0.412944	0.410024	0.405517	0.398789	0.389082	0.375538	0.357262	0.333414	0.303317	0.266579	0.223203	0.173665	0.118938	0.060456	0	
0	0.0777027	0.152868	0.223203	0.286867	0.342609	0.389817	0.428488	0.459125	0.482602	0.499998	0.512464	0.521101	0.526888	0.530636	0.532982	0.534402	0.535232	0.535702	0.535958	0.536093	0.536162	0.536196	0.536212	0.536219	0.536223	0.536224	0.536225	0.536225	0.536225	0.536225	0.536225	0.536225	0.536224	0.536223	0.536219	0.536212	0.536196	0.536162	0.536093	0.535958	0.535702	0.535232	0.534402	0.532982	0.530636	0.526888	0.521101	0.512464	0.499998	0.482602	0.459125	0.428488	0.389817	0.342609	0.286867	0.223203	0.152868	0.0777027	0	
0	0.0928053	0.182578	0.266579	0.342609	0.409173	0.465541	0.51171	0.548284	0.576304	0.597065	0.611938	0.622242	0.629143	0.633612	0.636409	0.638101	0.63909	0.639649	0.639954	0.640115	0.640197	0.640237	0.640256	0.640265	0.640269	0.640271	0.640271	0.640272	0.640272	0.640272	0.640272	0.640271	0.640271	0.640269	0.640265	0.640256	0.640237	0.640197	0.640115	0.639954	0.639649	0.63909	0.638101	0.636409	0.633612	0.629143	0.622242	0.611938	0.597065	0.576304	0.548284	0.51171	0.465541	0.409173	0.342609	0.266579	0.182578	0.0928053	0	
0	0.105598	0.207743	0.303317	0.389817	0.465541	0.52966	0.58217	0.623762	0.655621	0.679222	0.696126	0.707835	0.715674	0.720749	0.723925	0.725846	0.726968	0.727602	0.727948	0.72813	0.728223	0.728268	0.72829	0.7283	0.728304	0.728306	0.728307	0.728307	0.728307	0.728307	0.728307	0.728307	0.728306	0.728304	0.7283	0.72829	0.728268	0.728223	0.72813	0.727948	0.727602	0.726968	0.725846	0.723925	0.720749	0.715674	0.707835	0.696126	0.679222	0.655621	0.623762	0.58217	0.52966	0.465541	0.389817	0.303317	0.207743	0.105598	0	
0	0.116079	0.228361	0.333414	0.428488	0.51171	0.58217	0.639867	0.68556	0.720554	0.746472	0.765033	0.777885	0.786488	0.792056	0.795539	0.797645	0.798875	0.799569	0.799948	0.800147	0.800249	0.800299	0.800323	0.800333	0.800338	0.80034	0.800341	0.800341	0.800341	0.800341	0.800341	0.800341	0.80034	0.800338	0.800333	0.800323	0.800299	0.800249	0.800147	0.799948	0.799569	0.798875	0.797645	0.795539	0.792056	0.786488	0.777885	0.765033	0.746472	0.720554	0.68556	0.639867	0.58217	0.51171	0.428488	0.333414	0.228361	0.116079	0	
0	0.124385	0.244698	0.357262	0.459125	0.548284	0.623762	0.68556	0.734493	0.771963	0.799708	0.819574	0.833326	0.84253	0.848484	0.852208	0.854458	0.855772	0.856514	0.856918	0.857131	0.85724	0.857293	0.857318	0.857329	0.857335	0.857337	0.857338	0.857338	0.857338	0.857338	0.857338	0.857338	0.857337	0.857335	0.857329	0.857318	0.857293	0.85724	0.857131	0.856918	0.856514	0.855772	0.854458	0.852208	0.848484	0.84253	0.833326	0.819574	0.799708	0.771963	0.734493	0.68556	0.623762	0.548284	0.459125	0.357262	0.244698	0.124385	0	
0	0.130751	0.25722	0.375538	0.482602	0.576304	0.655621	0.720554	0.771963	0.811322	0.840461	0.86132	0.875756	0.885416	0.891663	0.895569	0.897929	0.899306	0.900084	0.900507	0.90073	0.900843	0.900899	0.900925	0.900937	0.900943	0.900945	0.900946	0.900946	0.900946	0.900946	0.900946	0.900946	0.900945	0.900943	0.900937	0.900925	0.900899	0.900843	0.90073	0.900507	0.900084	0.899306	0.897929	0.895569	0.891663	0.885416	0.875756	0.86132	0.840461	0.811322	0.771963	0.720554	0.655621	0.576304	0.482602	0.375538	0.25722	0.130751	0	
0	0.13547	0.266501	0.389082	0.499998	0.597065	0.679222	0.746472	0.799708	0.840461	0.870626	0.892216	0.907155	0.917149	0.923611	0.92765	0.930089	0.931513	0.932316	0.932753	0.932983	0.9331	0.933158	0.933185	0.933197	0.933203	0.933205	0.933206	0.933207	0.933207	0.933207	0.933207	0.933206	0.933205	0.933203	0.933197	0.933185	0.933158	0.9331	0.932983	0.932753	0.932316	0.931513	0.930089	0.92765	0.923611	0.917149	0.907155	0.892216	0.870626	0.840461	0.799708	0.746472	0.679222	0.597065	0.499998	0.389082	0.266501	0.13547	0	
0	0.138853	0.273153	0.398789	0.512464	0.611938	0.696126	0.765033	0.819574	0.86132	0.892216	0.914325	0.929621	0.939851	0.946465	0.950598	0.953093	0.95455	0.95537	0.955818	0.956053	0.956172	0.956231	0.956259	0.956271	0.956277	0.956279	0.95628	0.956281	0.956281	0.956281	0.956281	0.95628	0.956279	0.956277	0.956271	0.956259	0.956231	0.956172	0.956053	0.955818	0.95537	0.95455	0.953093	0.950598	0.946465	0.939851	0.929621	0.914325	0.892216	0.86132	0.819574	0.765033	0.696126	0.611938	0.512464	0.398789	0.273153	0.138853	0	
0	0.141198	0.277764	0.405517	0.521101	0.622242	0.707835	0.777885	0.833326	0.875756	0.907155	0.929621	0.945162	0.955554	0.962271	0.966468	0.969001	0.970479	0.971312	0.971766	0.972004	0.972126	0.972185	0.972213	0.972226	0.972232	0.972234	0.972235	0.972235	0.972236	0.972236	0.972235	0.972235	0.972234	0.972232	0.972226	0.972213	0.972185	0.972126	0.972004	0.971766	0.971312	0.970479	0.969001	0.966468	0.962271	0.955554	0.945162	0.929621	0.907155	0.875756	0.833326	0.777885	0.707835	0.622242	0.521101	0.405517	0.277764	0.141198	0	
0	0.14277	0.280854	0.410024	0.526888	0.629143	0.715674	0.786488	0.84253	0.885416	0.917149	0.939851	0.955554	0.966053	0.972838	0.977077	0.979635	0.981128	0.981969	0.982426	0.982667	0.982789	0.982849	0.982878	0.982891	0.982896	0.982899	0.9829	0.9829	0.9829	0.9829	0.9829	0.9829	0.982899	0.982896	0.982891	0.982878	0.982849	0.982789	0.982667	0.982426	0.981969	0.981128	0.979635	0.977077	0.972838	0.966053	0.955554	0.939851	0.917149	0.885416	0.84253	0.786488	0.715674	0.629143	0.526888	0.410024	0.280854	0.14277	0	
0	0.143788	0.282856	0.412944	0.530636	0.633612	0.720749	0.792056	0.848484	0.891663	0.923611	0.946465	0.962271	0.972838	0.979667	0.983932	0.986506	0.988008	0.988854	0.989314	0.989556	0.989679	0.989739	0.989768	0.989781	0.989787	0.989789	0.98979	0.98979	0.98979	0.98979	0.98979	0.98979	0.989789	0.989787	0.989781	0.989768	0.989739	0.989679	0.989556	0.989314	0.988854	0.988008	0.986506	0.983932	0.979667	0.972838	0.962271	0.946465	0.923611	0.891663	0.848484	0.792056	0.720749	0.633612	0.530636	0.412944	0.282856	0.143788	0	
0	0.144426	0.28411	0.414773	0.532982	0.636409	0.723925	0.795539	0.852208	0.895569	0.92765	0.950598	0.966468	0.977077	0.983932	0.988213	0.990797	0.992304	0.993153	0.993615	0.993858	0.993981	0.994042	0.99407	0.994083	0.994089	0.994092	0.994093	0.994093	0.994093	0.994093	0.994093	0.994093	0.994092	0.994089	0.994083	0.99407	0.994042	0.993981	0.993858	0.993615	0.993153	0.992304	0.990797	0.988213	0.983932	0.977077	0.966468	0.950598	0.92765	0.895569	0.852208	0.795539	0.723925	0.636409	0.532982	0.414773	0.28411	0.144426	0	
0	0.144812	0.284869	0.41588	0.534402	0.638101	0.725846	0.797645	0.854458	0.897929	0.930089	0.953093	0.969001	0.979635	0.986506	0.990797	0.993387	0.994897	0.995748	0.996211	0.996454	0.996577	0.996638	0.996667	0.99668	0.996685	0.996688	0.996689	0.996689	0.996689	0.996689	0.996689	0.996689	0.996688	0.996685	0.99668	0.996667	0.996638	0.996577	0.996454	0.996211	0.995748	0.994897	0.993387	0.990797	0.986506	0.979635	0.969001	0.953093	0.930089	0.897929	0.854458	0.797645	0.725846	0.638101	0.534402	0.41588	0.284869	0.144812	0	
0	0.145038	0.285313	0.416527	0.535232	0.63909	0.726968	0.798875	0.855772	0.899306	0.931513	0.95455	0.970479	0.981128	0.988008	0.992304	0.994897	0.996409	0.99726	0.997724	0.997967	0.998091	0.998152	0.99818	0.998193	0.998199	0.998202	0.998203	0.998203	0.998203	0.998203	0.998203	0.998203	0.998202	0.998199	0.998193	0.99818	0.998152	0.998091	0.997967	0.997724	0.99726	0.996409	0.994897	0.992304	0.988008	0.981128	0.970479	0.95455	0.931513	0.899306	0.855772	0.798875	0.726968	0.63909	0.535232	0.416527	0.285313	0.145038	0	
0	0.145166	0.285565	0.416893	0.535702	0.639649	0.727602	0.799569	0.856514	0.900083	0.932316	0.95537	0.971312	0.981969	0.988854	0.993153	0.995748	0.99726	0.998113	0.998576	0.99882	0.998944	0.999004	0.999033	0.999046	0.999052	0.999054	0.999055	0.999056	0.999056	0.999056	0.999056	0.999055	0.999054	0.999052	0.999046	0.999033	0.999004	0.998944	0.99882	0.998576	0.998113	0.99726	0.995748	0.993153	0.988854	0.981969	0.971312	0.95537	0.932316	0.900083	0.856514	0.799569	0.727602	0.639649	0.535702	0.416893	0.285565	0.145166	0	
0	0.145236	0.285702	0.417093	0.535958	0.639954	0.727948	0.799948	0.856918	0.900507	0.932753	0.955818	0.971766	0.982426	0.989314	0.993615	0.99621	0.997724	0.998576	0.99904	0.999284	0.999408	0.999468	0.999497	0.99951	0.999516	0.999518	0.999519	0.99952	0.99952	0.99952	0.99952	0.999519	0.999518	0.999516	0.99951	0.999497	0.999468	0.999408	0.999284	0.99904	0.998576	0.997724	0.99621	0.993615	0.989314	0.982426	0.971766	0.955818	0.932753	0.900507	0.856918	0.799948	0.727948	0.639954	0.535958	0.417093	0.285702	0.145236	0	
0	0.145272	0.285774	0.417199	0.536093	0.640115	0.72813	0.800147	0.857131	0.90073	0.932983	0.956053	0.972004	0.982667	0.989556	0.993858	0.996454	0.997967	0.99882	0.999284	0.999528	0.999652	0.999712	0.999741	0.999754	0.99976	0.999762	0.999763	0.999764	0.999764	0.999764	0.999764	0.999763	0.999762	0.99976	0.999754	0.999741	0.999712	0.999652	0.999528	0.999284	0.99882	0.997967	0.996454	0.993858	0.989556	0.982667	0.972004	0.956053	0.932983	0.90073	0.857131	0.800147	0.72813	0.640115	0.536093	0.417199	0.285774	0.145272	0	
0	0.145291	0.285811	0.417253	0.536162	0.640197	0.728223	0.800249	0.857239	0.900843	0.9331	0.956172	0.972125	0.982789	0.989679	0.993981	0.996577	0.998091	0.998944	0.999408	0.999651	0.999775	0.999836	0.999865	0.999878	0.999883	0.999886	0.999887	0.999887	0.999887	0.999887	0.999887	0.999887	0.999886	0.999883	0.999878	0.999865	0.999836	0.999775	0.999651	0.999408	0.998944	0.998091	0.996577	0.993981	0.989679	0.982789	0.972125	0.956172	0.9331	0.900843	0.857239	0.800249	0.728223	0.640197	0.536162	0.417253	0.285811	0.145291	0	
0	0.1453	0.285829	0.417279	0.536196	0.640237	0.728268	0.800298	0.857292	0.900898	0.933157	0.95623	0.972184	0.982849	0.989739	0.994041	0.996637	0.998151	0.999004	0.999468	0.999712	0.999835	0.999896	0.999925	0.999938	0.999944	0.999946	0.999947	0.999947	0.999948	0.999948	0.999947	0.999947	0.999946	0.999944	0.999938	0.999925	0.999896	0.999835	0.999712	0.999468	0.999004	0.998151	0.996637	0.994041	0.989739	0.982849	0.972184	0.95623	0.933157	0.900898	0.857292	0.800298	0.728268	0.640237	0.536196	0.417279	0.285829	0.1453	0	
0	0.145305	0.285837	0.417291	0.536211	0.640255	0.728289	0.800321	0.857316	0.900924	0.933183	0.956257	0.972212	0.982876	0.989766	0.994069	0.996665	0.998179	0.999031	0.999495	0.999739	0.999863	0.999924	0.999952	0.999966	0.999971	0.999974	0.999975	0.999975	0.999975	0.999975	0.999975	0.999975	0.999974	0.999971	0.999966	0.999952	0.999924	0.999863	0.999739	0.999495	0.999031	0.998179	0.996665	0.994069	0.989766	0.982876	0.972212	0.956257	0.933183	0.900924	0.857316	0.800321	0.728289	0.640255	0.536211	0.417291	0.285837	0.145305	0	
0	0.145306	0.285841	0.417296	0.536217	0.640262	0.728297	0.80033	0.857326	0.900934	0.933194	0.956267	0.972222	0.982887	0.989777	0.994079	0.996676	0.998189	0.999042	0.999506	0.99975	0.999874	0.999934	0.999963	0.999976	0.999982	0.999984	0.999985	0.999986	0.999986	0.999986	0.999986	0.999985	0.999984	0.999982	0.999976	0.999963	0.999934	0.999874	0.99975	0.999506	0.999042	0.998189	0.996676	0.994079	0.989777	0.982887	0.972222	0.956267	0.933194	0.900934	0.857326	0.80033	0.728297	0.640262	0.536217	0.417296	0.285841	0.145306	0	
0	0.145306	0.285841	0.417296	0.536217	0.640262	0.728297	0.80033	0.857326	0.900934	0.933194	0.956267	0.972222	0.982887	0.989777	0.994079	0.996676	0.998189	0.999042	0.999506	0.99975	0.999874	0.999934	0.999963	0.999976	0.999982	0.999984	0.999985	0.999986	0.999986	0.999986	0.999986	0.999985	0.999984	0.999982	0.999976	0.999963	0.999934	0.999874	0.99975	0.999506	0.999042	0.998189	0.996676	0.994079	0.989777	0.982887	0.972222	0.956267	0.933194	0.900934	0.857326	0.80033	0.728297	0.640262	0.536217	0.417296	0.285841	0.145306	0	
0	0.145305	0.285837	0.417291	0.536211	0.640255	0.728289	0.800321	0.857316	0.900924	0.933183	0.956257	0.972212	0.982876	0.989766	0.994069	0.996665	0.998179	0.999031	0.999495	0.999739	0.999863	0.999924	0.999952	0.999966	0.999971	0.999974	0.999975	0.999975	0.999975	0.999975	0.999975	0.999975	0.999974	0.999971	0.999966	0.999952	0.999924	0.999863	0.999739	0.999495	0.999031	0.998179	0.996665	0.994069	0.989766	0.982876	0.972212	0.956257	0.933183	0.900924	0.857316	0.800321	0.728289	0.640255	0.536211	0.417291	0.285837	0.145305	0	
0	0.1453	0.285829	0.417279	0.536196	0.640237	0.728268	0.800298	0.857292	0.900898	0.933157	0.95623	0.972184	0.982849	0.989739	0.994041	0.996637	0.998151	0.999004	0.999468	0.999712	0.999835	0.999896	0.999925	0.999938	0.999944	0.999946	0.999947	0.999947	0.999948	0.999948	0.999947	0.999947	0.999946	0.999944	0.999938	0.999925	0.999896	0.999835	0.999712	0.999468	0.999004	0.998151	0.996637	0.994041	0.989739	0.982849	0.972184	0.95623	0.933157	0.900898	0.857292	0.800298	0.728268	0.640237	0.536196	0.417279	0.285829	0.1453	0	
0	0.145291	0.285811	0.417253	0.536162	0.640197	0.728223	0.800249	0.857239	0.900843	0.9331	0.956172	0.972125	0.982789	0.989679	0.993981	0.996577	0.998091	0.998944	0.999408	0.999651	0.999775	0.999836	0.999865	0.999878	0.999883	0.999886	0.999887	0.999887	0.999887	0.999887	0.999887	0.999887	0.999886	0.999883	0.999878	0.999865	0.999836	0.999775	0.999651	0.999408	0.998944	0.998091	0.996577	0.993981	0.989679	0.982789	0.972125	0.956172	0.9331	0.900843	0.857239	0.800249	0.728223	0.640197	0.536162	0.417253	0.285811	0.145291	0	
0	0.145272	0.285774	0.417199	0.536093	0.640115	0.72813	0.800147	0.857131	0.90073	0.932983	0.956053	0.972004	0.982667	0.989556	0.993858	0.996454	0.997967	0.99882	0.999284	0.999528	0.999652	0.999712	0.999741	0.999754	0.99976	0.999762	0.999763	0.999764	0.999764	0.999764	0.999764	0.999763	0.999762	0.99976	0.999754	0.999741	0.999712	0.999652	0.999528	0.999284	0.99882	0.997967	0.996454	0.993858	0.989556	0.982667	0.972004	0.956053	0.932983	0.90073	0.857131	0.800147	0.72813	0.640115	0.536093	0.417199	0.285774	0.145272	0	
0	0.145236	0.285702	0.417093	0.535958	0.639954	0.727948	0.799948	0.856918	0.900507	0.932753	0.955818	0.971766	0.982426	0.989314	0.993615	0.99621	0.997724	0.998576	0.99904	0.999284	0.999408	0.999468	0.999497	0.99951	0.999516	0.999518	0.999519	0.99952	0.99952	0.99952	0.99952	0.999519	0.999518	0.999516	0.99951	0.999497	0.999468	0.999408	0.999284	0.99904	0.998576	0.997724	0.99621	0.993615	0.989314	0.982426	0.971766	0.955818	0.932753	0.900507	0.856918	0.799948	0.727948	0.639954	0.535958	0.417093	0.285702	0.145236	0	
0	0.145166	0.285565	0.416893	0.535702	0.639649	0.727602	0.799569	0.856514	0.900083	0.932316	0.95537	0.971312	0.981969	0.988854	0.993153	0.995748	0.99726	0.998113	0.998576	0.99882	0.998944	0.999004	0.999033	0.999046	0.999052	0.999054	0.999055	0.999056	0.999056	0.999056	0.999056	0.999055	0.999054	0.999052	0.999046	0.999033	0.999004	0.998944	0.99882	0.998576	0.998113	0.99726	0.995748	0.993153	0.988854	0.981969	0.971312	0.95537	0.932316	0.900083	0.856514	0.799569	0.727602	0.639649	0.535702	0.416893	0.285565	0.145166	0	
0	0.145038	0.285313	0.416527	0.535232	0.63909	0.726968	0.798875	0.855772	0.899306	0.931513	0.95455	0.970479	0.981128	0.988008	0.992304	0.994897	0.996409	0.99726	0.997724	0.997967	0.998091	0.998152	0.99818	0.998193	0.998199	0.998202	0.998203	0.998203	0.998203	0.998203	0.998203	0.998203	0.998202	0.998199	0.998193	0.99818	0.998152	0.998091	0.997967	0.997724	0.99726	0.996409	0.994897	0.992304	0.988008	0.981128	0.970479	0.95455	0.931513	0.899306	0.855772	0.798875	0.726968	0.63909	0.535232	0.416527	0.285313	0.145038	0	
0	0.144812	0.284869	0.41588	0.534402	0.638101	0.725846	0.797645	0.854458	0.897929	0.930089	0.953093	0.969001	0.979635	0.986506	0.990797	0.993387	0.994897	0.995748	0.996211	0.996454	0.996577	0.996638	0.996667	0.99668	0.996685	0.996688	0.996689	0.996689	0.996689	0.996689	0.996689	0.996689	0.996688	0.996685	0.99668	0.996667	0.996638	0.996577	0.996454	0.996211	0.995748	0.994897	0.993387	0.990797	0.986506	0.979635	0.969001	0.953093	0.930089	0.897929	0.854458	0.797645	0.725846	0.638101	0.534402	0.41588	0.284869	0.144812	0	
0	0.144426	0.28411	0.414773	0.532982	0.636409	0.723925	0.795539	0.852208	0.895569	0.92765	0.950598	0.966468	0.977077	0.983932	0.988213	0.990797	0.992304	0.993153	0.993615	0.993858	0.993981	0.994042	0.99407	0.994083	0.994089	0.994092	0.994093	0.994093	0.994093	0.994093	0.994093	0.994093	0.994092	0.994089	0.994083	0.99407	0.994042	0.993981	0.993858	0.993615	0.993153	0.992304	0.990797	0.988213	0.983932	0.977077	0.966468	0.950598	0.92765	0.895569	0.852208	0.795539	0.723925	0.636409	0.532982	0.414773	0.28411	0.144426	0	
0	0.143788	0.282856	0.412944	0.530636	0.633612	0.720749	0.792056	0.848484	0.891663	0.923611	0.946465	0.962271	0.972838	0.979667	0.983932	0.986506	0.988008	0.988854	0.989314	0.989556	0.989679	0.989739	0.989768	0.989781	0.989787	0.989789	0.98979	0.98979	0.98979	0.98979	0.98979	0.98979	0.989789	0.989787	0.989781	0.989768	0.989739	0.989679	0.989556	0.989314	0.988854	0.988008	0.986506	0.983932	0.979667	0.972838	0.962271	0.946465	0.923611	0.891663	0.848484	0.792056	0.720749	0.633612	0.530636	0.412944	0.282856	0.143788	0	
0	0.14277	0.280854	0.410024	0.526888	0.629143	0.715674	0.786488	0.84253	0.885416	0.917149	0.939851	0.955554	0.966053	0.972838	0.977077	0.979635	0.981128	0.981969	0.982426	0.982667	0.982789	0.982849	0.982878	0.982891	0.982896	0.982899	0.9829	0.9829	0.9829	0.9829	0.9829	0.9829	0.982899	0.982896	0.982891	0.982878	0.982849	0.982789	0.982667	0.982426	0.981969	0.981128	0.979635	0.977077	0.972838	0.966053	0.955554	0.939851	0.917149	0.885416	0.84253	0.786488	0.715674	0.629143	0.526888	0.410024	0.280854	0.14277	0	
0	0.141198	0.277764	0.405517	0.521101	0.622242	0.707835	0.777885	0.833326	0.875756	0.907155	0.929621	0.945162	0.955554	0.962271	0.966468	0.969001	0.970479	0.971312	0.971766	0.972004	0.972126	0.972185	0.972213	0.972226	0.972232	0.972234	0.972235	0.972235	0.972236	0.972236	0.972235	0.972235	0.972234	0.972232	0.972226	0.972213	0.972185	0.972126	0.972004	0.971766	0.971312	0.970479	0.969001	0.966468	0.962271	0.955554	0.945162	0.929621	0.907155	0.875756	0.833326	0.777885	0.707835	0.622242	0.521101	0.405517	0.277764	0.141198	0	
0	0.138853	0.273153	0.398789	0.512464	0.611938	0.696126	0.765033	0.819574	0.86132	0.892216	0.914325	0.929621	0.939851	0.946465	0.950598	0.953093	0.95455	0.95537	0.955818	0.956053	0.956172	0.956231	0.956259	0.956271	0.956277	0.956279	0.95628	0.956281	0.956281	0.956281	0.956281	0.95628	0.956279	0.956277	0.956271	0.956259	0.956231	0.956172	0.956053	0.955818	0.95537	0.95455	0.953093	0.950598	0.946465	0.939851	0.929621	0.914325	0.892216	0.86132	0.819574	0.765033	0.696126	0.611938	0.512464	0.398789	0.273153	0.138853	0	
0	0.13547	0.266501	0.389082	0.499998	0.597065	0.679222	0.746472	0.799708	0.840461	0.870626	0.892216	0.907155	0.917149	0.923611	0.92765	0.930089	0.931513	0.932316	0.932753	0.932983	0.9331	0.933158	0.933185	0.933197	0.933203	0.933205	0.933206	0.933207	0.933207	0.933207	0.933207	0.933206	0.933205	0.933203	0.933197	0.933185	0.933158	0.9331	0.932983	0.932753	0.932316	0.931513	0.930089	0.92765	0.923611	0.917149	0.907155	0.892216	0.870626	0.840461	0.799708	0.746472	0.679222	0.597065	0.499998	0.389082	0.266501	0.13547	0	
0	0.130751	0.25722	0.375538	0.482602	0.576304	0.655621	0.720554	0.771963	0.811322	0.840461	0.86132	0.875756	0.885416	0.891663	0.895569	0.897929	0.899306	0.900084	0.900507	0.90073	0.900843	0.900899	0.900925	0.900937	0.900943	0.900945	0.900946	0.900946	0.900946	0.900946	0.900946	0.900946	0.900945	0.900943	0.900937	0.900925	0.900899	0.900843	0.90073	0.900507	0.900084	0.899306	0.897929	0.895569	0.891663	0.885416	0.875756	0.86132	0.840461	0.811322	0.771963	0.720554	0.655621	0.576304	0.482602	0.375538	0.25722	0.130751	0	
0	0.124385	0.244698	0.357262	0.459125	0.548284	0.623762	0.68556	0.734493	0.771963	0.799708	0.819574	0.833326	0.84253	0.848484	0.852208	0.854458	0.855772	0.856514	0.856918	0.857131	0.85724	0.857293	0.857318	0.857329	0.857335	0.857337	0.857338	0.857338	0.857338	0.857338	0.857338	0.857338	0.857337	0.857335	0.857329	0.857318	0.857293	0.85724	0.857131	0.856918	0.856514	0.855772	0.854458	0.852208	0.848484	0.84253	0.833326	0.819574	0.799708	0.771963	0.734493	0.68556	0.623762	0.548284	0.459125	0.357262	0.244698	0.124385	0	
0	0.116079	0.228361	0.333414	0.428488	0.51171	0.58217	0.639867	0.68556	0.720554	0.746472	0.765033	0.777885	0.786488	0.792056	0.795539	0.797645	0.798875	0.799569	0.799948	0.800147	0.800249	0.800299	0.800323	0.800333	0.800338	0.80034	0.800341	0.800341	0.800341	0.800341	0.800341	0.800341	0.80034	0.800338	0.800333	0.800323	0.800299	0.800249	0.800147	0.799948	0.799569	0.798875	0.797645	0.795539	0.792056	0.786488	0.777885	0.765033	0.746472	0.720554	0.68556	0.639867	0.58217	0.51171	0.428488	0.333414	0.228361	0.116079	0	
0	0.105598	0.207743	0.303317	0.389817	0.465541	0.52966	0.58217	0.623762	0.655621	0.679222	0.696126	0.707835	0.715674	0.720749	0.723925	0.725846	0.726968	0.727602	0.727948	0.72813	0.728223	0.728268	0.72829	0.7283	0.728304	0.728306	0.728307	0.728307	0.728307	0.728307	0.728307	0.728307	0.728306	0.728304	0.7283	0.72829	0.728268	0.728223	0.72813	0.727948	0.727602	0.726968	0.725846	0.723925	0.720749	0.715674	0.707835	0.696126	0.679222	0.655621	0.623762	0.58217	0.52966	0.465541	0.389817	0.303317	0.207743	0.105598	0	
0	0.0928053	0.182578	0.266579	0.342609	0.409173	0.465541	0.51171	0.548284	0.576304	0.597065	0.611938	0.622242	0.629143	0.633612	0.636409	0.638101	0.63909	0.639649	0.639954	0.640115	0.640197	0.640237	0.640256	0.640265	0.640269	0.640271	0.640271	0.640272	0.640272	0.640272	0.640272	0.640271	0.640271	0.640269	0.640265	0.640256	0.640237	0.640197	0.640115	0.639954	0.639649	0.63909	0.638101	0.636409	0.633612	0.629143	0.622242	0.611938	0.597065	0.576304	0.548284	0.51171	0.465541	0.409173	0.342609	0.266579	0.182578	0.0928053	0	
0	0.0777027	0.152868	0.223203	0.286867	0.342609	0.389817	0.428488	0.459125	0.482602	0.499998	0.512464	0.521101	0.526888	0.530636	0.532982	0.534402	0.535232	0.535702	0.535958	0.536093	0.536162	0.536196	0.536212	0.536219	0.536223	0.536224	0.536225	0.536225	0.536225	0.536225	0.536225	0.536225	0.536224	0.536223	0.536219	0.536212	0.536196	0.536162	0.536093	0.535958	0.535702	0.535232	0.534402	0.532982	0.530636	0.526888	0.521101	0.512464	0.499998	0.482602	0.459125	0.428488	0.389817	0.342609	0.286867	0.223203	0.152868	0.0777027	0	
0	0.060456	0.118938	0.173665	0.223203	0.266579	0.303317	0.333414	0.357262	0.375538	0.389082	0.398789	0.405517	0.410024	0.412944	0.414773	0.41588	0.416527	0.416893	0.417093	0.417199	0.417253	0.417279	0.417292	0.417297	0.4173	0.417301	0.417302	0.417302	0.417302	0.417302	0.417302	0.417302	0.417301	0.4173	0.417297	0.417292	0.417279	0.417253	0.417199	0.417093	0.416893	0.416527	0.41588	0.414773	0.412944	0.410024	0.405517	0.398789	0.389082	0.375538	0.357262	0.333414	0.303317	0.266579	0.223203	0.173665	0.118938	0.060456	0	
0	0.0414042	0.0814572	0.118938	0.152868	0.182578	0.207743	0.228361	0.244698	0.25722	0.266501	0.273153	0.277764	0.280854	0.282856	0.28411	0.284869	0.285313	0.285565	0.285702	0.285774	0.285811	0.285829	0.285838	0.285842	0.285844	0.285844	0.285845	0.285845	0.285845	0.285845	0.285845	0.285845	0.285844	0.285844	0.285842	0.285838	0.285829	0.285811	0.285774	0.285702	0.285565	0.285313	0.284869	0.28411	0.282856	0.280854	0.277764	0.273153	0.266501	0.25722	0.244698	0.228361	0.207743	0.182578	0.152868	0.118938	0.0814572	0.0414042	0	
0	0.0210454	0.0414042	0.060456	0.0777027	0.0928053	0.105598	0.116079	0.124385	0.130751	0.13547	0.138853	0.141198	0.14277	0.143788	0.144426	0.144812	0.145038	0.145166	0.145236	0.145272	0.145291	0.1453	0.145305	0.145307	0.145308	0.145308	0.145308	0.145308	0.145308	0.145308	0.145308	0.145308	0.145308	0.145308	0.145307	0.145305	0.1453	0.145291	0.145272	0.145236	0.145166	0.145038	0.144812	0.144426	0.143788	0.14277	0.141198	0.138853	0.13547	0.130751	0.124385	0.116079	0.105598	0.0928053	0.0777027	0.060456	0.0414042	0.0210454	0	
0	0	0	0	0	0	0	0	0	0	0	0	0	0	0	0	0	0	0	0	0	0	0	0	0	0	0	0	0	0	0	0	0	0	0	0	0	0	0	0	0	0	0	0	0	0	0	0	0	0	0	0	0	0	0	0	0	0	0	0	
