0	0	0	0	0	0	0	0	0	0	0	0	0	0	0	0	0	0	0	0	0	0	0	0	0	0	0	0	0	0	0	0	0	0	0	0	0	0	0	0	0	0	0	0	0	0	0	0	0	0	0	0	0	0	0	0	0	0	0	0	
0	0.0158167	0.0312443	0.0459221	0.059543	0.0718718	0.0827563	0.0921288	0.1	0.106448	0.111599	0.115612	0.118662	0.120921	0.122554	0.123704	0.124495	0.125024	0.12537	0.12559	0.125727	0.125809	0.125858	0.125886	0.125902	0.125911	0.125915	0.125917	0.125919	0.125919	0.125919	0.125919	0.125917	0.125915	0.125911	0.125902	0.125886	0.125858	0.125809	0.125727	0.12559	0.12537	0.125024	0.124495	0.123704	0.122554	0.120921	0.118662	0.115612	0.111599	0.106448	0.1	0.0921288	0.0827563	0.0718718	0.059543	0.0459221	0.0312443	0.0158167	0	
0	0.0312443	0.0617199	0.0907142	0.11762	0.141974	0.163474	0.181988	0.197536	0.210271	0.220445	0.228371	0.234394	0.238856	0.242081	0.244352	0.245913	0.246958	0.247641	0.248076	0.248346	0.248509	0.248605	0.248661	0.248692	0.248708	0.248717	0.248722	0.248724	0.248725	0.248725	0.248724	0.248722	0.248717	0.248708	0.248692	0.248661	0.248605	0.248509	0.248346	0.248076	0.247641	0.246958	0.245913	0.244352	0.242081	0.238856	0.234394	0.228371	0.220445	0.210271	0.197536	0.181988	0.163474	0.141974	0.11762	0.0907142	0.0617199	0.0312443	0	
0	0.0459221	0.0907142	0.133329	0.172874	0.208666	0.240264	0.267472	0.290321	0.309036	0.323986	0.335633	0.344482	0.351038	0.355775	0.359112	0.361404	0.36294	0.363943	0.364581	0.364977	0.365217	0.365358	0.365439	0.365485	0.36551	0.365523	0.36553	0.365533	0.365534	0.365534	0.365533	0.36553	0.365523	0.36551	0.365485	0.365439	0.365358	0.365217	0.364977	0.364581	0.363943	0.36294	0.361404	0.359112	0.355775	0.351038	0.344482	0.335633	0.323986	0.309036	0.290321	0.267472	0.240264	0.208666	0.172874	0.133329	0.0907142	0.0459221	0	
0	0.059543	0.11762	0.172874	0.224146	0.270552	0.311518	0.346791	0.376411	0.400672	0.42005	0.435146	0.446614	0.455111	0.461249	0.465572	0.468542	0.470532	0.47183	0.472657	0.47317	0.47348	0.473663	0.473769	0.473827	0.47386	0.473877	0.473885	0.47389	0.473891	0.473891	0.47389	0.473885	0.473877	0.47386	0.473827	0.473769	0.473663	0.47348	0.47317	0.472657	0.47183	0.470532	0.468542	0.465572	0.461249	0.455111	0.446614	0.435146	0.42005	0.400672	0.376411	0.346791	0.311518	0.270552	0.224146	0.172874	0.11762	0.059543	0	
0	0.0718718	0.141974	0.208666	0.270552	0.326562	0.376004	0.418573	0.454319	0.483594	0.506976	0.52519	0.539025	0.549274	0.556678	0.561892	0.565474	0.567872	0.569438	0.570434	0.571052	0.571426	0.571647	0.571773	0.571844	0.571883	0.571904	0.571914	0.571919	0.571921	0.571921	0.571919	0.571914	0.571904	0.571883	0.571844	0.571773	0.571647	0.571426	0.571052	0.570434	0.569438	0.567872	0.565474	0.561892	0.556678	0.549274	0.539025	0.52519	0.506976	0.483594	0.454319	0.418573	0.376004	0.326562	0.270552	0.208666	0.141974	0.0718718	0	
0	0.0827563	0.163474	0.240264	0.311518	0.376004	0.432927	0.481933	0.523082	0.556779	0.583691	0.604652	0.620573	0.632366	0.640883	0.646882	0.651001	0.653759	0.655559	0.656704	0.657415	0.657845	0.658098	0.658243	0.658325	0.658369	0.658393	0.658405	0.658411	0.658413	0.658413	0.658411	0.658405	0.658393	0.658369	0.658325	0.658243	0.658098	0.657845	0.657415	0.656704	0.655559	0.653759	0.651001	0.646882	0.640883	0.632366	0.620573	0.604652	0.583691	0.556779	0.523082	0.481933	0.432927	0.376004	0.311518	0.240264	0.163474	0.0827563	0	
0	0.0921288	0.181988	0.267472	0.346791	0.418573	0.481933	0.536478	0.582274	0.619774	0.649721	0.673043	0.690755	0.703873	0.713346	0.720017	0.724597	0.727663	0.729664	0.730937	0.731727	0.732204	0.732485	0.732647	0.732737	0.732786	0.732813	0.732826	0.732832	0.732835	0.732835	0.732832	0.732826	0.732813	0.732786	0.732737	0.732647	0.732485	0.732204	0.731727	0.730937	0.729664	0.727663	0.724597	0.720017	0.713346	0.703873	0.690755	0.673043	0.649721	0.619774	0.582274	0.536478	0.481933	0.418573	0.346791	0.267472	0.181988	0.0921288	0	
0	0.1	0.197536	0.290321	0.376411	0.454319	0.523082	0.582274	0.631969	0.672657	0.705147	0.730447	0.74966	0.763887	0.77416	0.781393	0.786358	0.789681	0.791849	0.793229	0.794084	0.794601	0.794906	0.79508	0.795178	0.795232	0.79526	0.795274	0.795281	0.795284	0.795284	0.795281	0.795274	0.79526	0.795232	0.795178	0.79508	0.794906	0.794601	0.794084	0.793229	0.791849	0.789681	0.786358	0.781393	0.77416	0.763887	0.74966	0.730447	0.705147	0.672657	0.631969	0.582274	0.523082	0.454319	0.376411	0.290321	0.197536	0.1	0	
0	0.106448	0.210271	0.309036	0.400672	0.483594	0.556779	0.619774	0.672657	0.715953	0.750522	0.777438	0.797875	0.813007	0.823932	0.831623	0.836901	0.840434	0.842738	0.844204	0.845112	0.845662	0.845985	0.846171	0.846274	0.846331	0.846361	0.846376	0.846384	0.846387	0.846387	0.846384	0.846376	0.846361	0.846331	0.846274	0.846171	0.845985	0.845662	0.845112	0.844204	0.842738	0.840434	0.836901	0.831623	0.823932	0.813007	0.797875	0.777438	0.750522	0.715953	0.672657	0.619774	0.556779	0.483594	0.400672	0.309036	0.210271	0.106448	0	
0	0.111599	0.220445	0.323986	0.42005	0.506976	0.583691	0.649721	0.705147	0.750522	0.786747	0.81495	0.836362	0.852213	0.863656	0.871711	0.877238	0.880936	0.883349	0.884883	0.885833	0.886408	0.886746	0.88694	0.887049	0.887108	0.887139	0.887155	0.887163	0.887166	0.887166	0.887163	0.887155	0.887139	0.887108	0.887049	0.88694	0.886746	0.886408	0.885833	0.884883	0.883349	0.880936	0.877238	0.871711	0.863656	0.852213	0.836362	0.81495	0.786747	0.750522	0.705147	0.649721	0.583691	0.506976	0.42005	0.323986	0.220445	0.111599	0	
0	0.115612	0.228371	0.335633	0.435146	0.52519	0.604652	0.673043	0.730447	0.777438	0.81495	0.844152	0.86632	0.88273	0.894574	0.90291	0.908629	0.912456	0.914951	0.916538	0.917521	0.918115	0.918464	0.918665	0.918777	0.918838	0.91887	0.918887	0.918895	0.918898	0.918898	0.918895	0.918887	0.91887	0.918838	0.918777	0.918665	0.918464	0.918115	0.917521	0.916538	0.914951	0.912456	0.908629	0.90291	0.894574	0.88273	0.86632	0.844152	0.81495	0.777438	0.730447	0.673043	0.604652	0.52519	0.435146	0.335633	0.228371	0.115612	0	
0	0.118662	0.234394	0.344482	0.446614	0.539025	0.620573	0.690755	0.74966	0.797875	0.836362	0.86632	0.88906	0.905892	0.918039	0.926587	0.932451	0.936374	0.938932	0.940558	0.941565	0.942174	0.942532	0.942737	0.942852	0.942915	0.942948	0.942965	0.942973	0.942976	0.942976	0.942973	0.942965	0.942948	0.942915	0.942852	0.942737	0.942532	0.942174	0.941565	0.940558	0.938932	0.936374	0.932451	0.926587	0.918039	0.905892	0.88906	0.86632	0.836362	0.797875	0.74966	0.690755	0.620573	0.539025	0.446614	0.344482	0.234394	0.118662	0	
0	0.120921	0.238856	0.351038	0.455111	0.549274	0.632366	0.703873	0.763887	0.813007	0.852213	0.88273	0.905892	0.923033	0.935404	0.944108	0.950078	0.954072	0.956675	0.95833	0.959355	0.959975	0.960339	0.960548	0.960665	0.960728	0.960762	0.960779	0.960787	0.960791	0.960791	0.960787	0.960779	0.960762	0.960728	0.960665	0.960548	0.960339	0.959975	0.959355	0.95833	0.956675	0.954072	0.950078	0.944108	0.935404	0.923033	0.905892	0.88273	0.852213	0.813007	0.763887	0.703873	0.632366	0.549274	0.455111	0.351038	0.238856	0.120921	0	
0	0.122554	0.242081	0.355775	0.461249	0.556678	0.640883	0.713346	0.77416	0.823932	0.863656	0.894574	0.918039	0.935404	0.947934	0.956749	0.962796	0.96684	0.969476	0.971152	0.97219	0.972816	0.973185	0.973396	0.973515	0.973579	0.973613	0.97363	0.973639	0.973642	0.973642	0.973639	0.97363	0.973613	0.973579	0.973515	0.973396	0.973185	0.972816	0.97219	0.971152	0.969476	0.96684	0.962796	0.956749	0.947934	0.935404	0.918039	0.894574	0.863656	0.823932	0.77416	0.713346	0.640883	0.556678	0.461249	0.355775	0.242081	0.122554	0	
0	0.123704	0.244352	0.359112	0.465572	0.561892	0.646882	0.720017	0.781393	0.831623	0.871711	0.90291	0.926587	0.944108	0.956749	0.965643	0.971743	0.975822	0.978481	0.98017	0.981217	0.981849	0.982221	0.982434	0.982553	0.982618	0.982652	0.982669	0.982678	0.982681	0.982681	0.982678	0.982669	0.982652	0.982618	0.982553	0.982434	0.982221	0.981849	0.981217	0.98017	0.978481	0.975822	0.971743	0.965643	0.956749	0.944108	0.926587	0.90291	0.871711	0.831623	0.781393	0.720017	0.646882	0.561892	0.465572	0.359112	0.244352	0.123704	0	
0	0.124495	0.245913	0.361404	0.468542	0.565474	0.651001	0.724597	0.786358	0.836901	0.877238	0.908629	0.932451	0.950078	0.962796	0.971743	0.977879	0.981982	0.984656	0.986355	0.987407	0.988043	0.988417	0.988631	0.988751	0.988816	0.98885	0.988868	0.988876	0.98888	0.98888	0.988876	0.988868	0.98885	0.988816	0.988751	0.988631	0.988417	0.988043	0.987407	0.986355	0.984656	0.981982	0.977879	0.971743	0.962796	0.950078	0.932451	0.908629	0.877238	0.836901	0.786358	0.724597	0.651001	0.565474	0.468542	0.361404	0.245913	0.124495	0	
0	0.125024	0.246958	0.36294	0.470531	0.567872	0.653758	0.727663	0.789681	0.840433	0.880936	0.912455	0.936374	0.954071	0.96684	0.975822	0.981981	0.9861	0.988784	0.99049	0.991546	0.992184	0.992559	0.992774	0.992894	0.992959	0.992994	0.993012	0.99302	0.993024	0.993024	0.99302	0.993012	0.992994	0.992959	0.992894	0.992774	0.992559	0.992184	0.991546	0.99049	0.988784	0.9861	0.981981	0.975822	0.96684	0.954071	0.936374	0.912455	0.880936	0.840433	0.789681	0.727663	0.653758	0.567872	0.470531	0.36294	0.246958	0.125024	0	
0	0.12537	0.247641	0.363942	0.47183	0.569437	0.655558	0.729663	0.791849	0.842738	0.883348	0.91495	0.938931	0.956675	0.969476	0.97848	0.984655	0.988784	0.991475	0.993184	0.994243	0.994882	0.995258	0.995474	0.995594	0.995659	0.995694	0.995712	0.99572	0.995724	0.995724	0.99572	0.995712	0.995694	0.995659	0.995594	0.995474	0.995258	0.994882	0.994243	0.993184	0.991475	0.988784	0.984655	0.97848	0.969476	0.956675	0.938931	0.91495	0.883348	0.842738	0.791849	0.729663	0.655558	0.569437	0.47183	0.363942	0.247641	0.12537	0	
0	0.12559	0.248075	0.36458	0.472656	0.570433	0.656703	0.730936	0.793227	0.844202	0.884881	0.916536	0.940556	0.958329	0.97115	0.980169	0.986353	0.990488	0.993183	0.994895	0.995956	0.996596	0.996972	0.997188	0.997309	0.997374	0.997409	0.997427	0.997435	0.997439	0.997439	0.997435	0.997427	0.997409	0.997374	0.997309	0.997188	0.996972	0.996596	0.995956	0.994895	0.993183	0.990488	0.986353	0.980169	0.97115	0.958329	0.940556	0.916536	0.884881	0.844202	0.793227	0.730936	0.656703	0.570433	0.472656	0.36458	0.248075	0.12559	0	
0	0.125726	0.248345	0.364976	0.473168	0.57105	0.657412	0.731724	0.794081	0.845109	0.88583	0.917517	0.941562	0.959352	0.972186	0.981213	0.987404	0.991542	0.99424	0.995954	0.997015	0.997655	0.998032	0.998248	0.998369	0.998434	0.998469	0.998487	0.998496	0.998499	0.998499	0.998496	0.998487	0.998469	0.998434	0.998369	0.998248	0.998032	0.997655	0.997015	0.995954	0.99424	0.991542	0.987404	0.981213	0.972186	0.959352	0.941562	0.917517	0.88583	0.845109	0.794081	0.731724	0.657412	0.57105	0.473168	0.364976	0.248345	0.125726	0	
0	0.125808	0.248507	0.365214	0.473476	0.571421	0.657839	0.732198	0.794594	0.845654	0.8864	0.918107	0.942166	0.959966	0.972808	0.981841	0.988035	0.992176	0.994875	0.996589	0.997651	0.998292	0.998669	0.998885	0.999005	0.999071	0.999106	0.999124	0.999132	0.999136	0.999136	0.999132	0.999124	0.999106	0.999071	0.999005	0.998885	0.998669	0.998292	0.997651	0.996589	0.994875	0.992176	0.988035	0.981841	0.972808	0.959966	0.942166	0.918107	0.8864	0.845654	0.794594	0.732198	0.657839	0.571421	0.473476	0.365214	0.248507	0.125808	0	
0	0.125856	0.248601	0.365351	0.473655	0.571636	0.658086	0.732472	0.794891	0.84597	0.88673	0.918448	0.942515	0.960322	0.973168	0.982203	0.988399	0.992542	0.995241	0.996957	0.998019	0.99866	0.999037	0.999253	0.999374	0.999439	0.999474	0.999492	0.9995	0.999504	0.999504	0.9995	0.999492	0.999474	0.999439	0.999374	0.999253	0.999037	0.99866	0.998019	0.996957	0.995241	0.992542	0.988399	0.982203	0.973168	0.960322	0.942515	0.918448	0.88673	0.84597	0.794891	0.732472	0.658086	0.571636	0.473655	0.365351	0.248601	0.125856	0	
0	0.125882	0.248651	0.365426	0.473751	0.571752	0.658219	0.73262	0.795052	0.84614	0.886908	0.918632	0.942704	0.960514	0.973362	0.982399	0.988596	0.992739	0.995439	0.997154	0.998217	0.998858	0.999235	0.999451	0.999572	0.999637	0.999672	0.99969	0.999699	0.999702	0.999702	0.999699	0.99969	0.999672	0.999637	0.999572	0.999451	0.999235	0.998858	0.998217	0.997154	0.995439	0.992739	0.988596	0.982399	0.973362	0.960514	0.942704	0.918632	0.886908	0.84614	0.795052	0.73262	0.658219	0.571752	0.473751	0.365426	0.248651	0.125882	0	
0	0.125893	0.248673	0.365458	0.473793	0.571803	0.658277	0.732684	0.795121	0.846214	0.886985	0.918712	0.942785	0.960597	0.973446	0.982483	0.988681	0.992824	0.995525	0.99724	0.998302	0.998944	0.999321	0.999537	0.999658	0.999723	0.999758	0.999776	0.999785	0.999788	0.999788	0.999785	0.999776	0.999758	0.999723	0.999658	0.999537	0.999321	0.998944	0.998302	0.99724	0.995525	0.992824	0.988681	0.982483	0.973446	0.960597	0.942785	0.918712	0.886985	0.846214	0.795121	0.732684	0.658277	0.571803	0.473793	0.365458	0.248673	0.125893	0	
0	0.125893	0.248673	0.365458	0.473793	0.571803	0.658277	0.732684	0.795121	0.846214	0.886985	0.918712	0.942785	0.960597	0.973446	0.982483	0.988681	0.992824	0.995525	0.99724	0.998302	0.998944	0.999321	0.999537	0.999658	0.999723	0.999758	0.999776	0.999785	0.999788	0.999788	0.999785	0.999776	0.999758	0.999723	0.999658	0.999537	0.999321	0.998944	0.998302	0.99724	0.995525	0.992824	0.988681	0.982483	0.973446	0.960597	0.942785	0.918712	0.886985	0.846214	0.795121	0.732684	0.658277	0.571803	0.473793	0.365458	0.248673	0.125893	0	
0	0.125882	0.248651	0.365426	0.473751	0.571752	0.658219	0.73262	0.795052	0.84614	0.886908	0.918632	0.942704	0.960514	0.973362	0.982399	0.988596	0.992739	0.995439	0.997154	0.998217	0.998858	0.999235	0.999451	0.999572	0.999637	0.999672	0.99969	0.999699	0.999702	0.999702	0.999699	0.99969	0.999672	0.999637	0.999572	0.999451	0.999235	0.998858	0.998217	0.997154	0.995439	0.992739	0.988596	0.982399	0.973362	0.960514	0.942704	0.918632	0.886908	0.84614	0.795052	0.73262	0.658219	0.571752	0.473751	0.365426	0.248651	0.125882	0	
0	0.125856	0.248601	0.365351	0.473655	0.571636	0.658086	0.732472	0.794891	0.84597	0.88673	0.918448	0.942515	0.960322	0.973168	0.982203	0.988399	0.992542	0.995241	0.996957	0.998019	0.99866	0.999037	0.999253	0.999374	0.999439	0.999474	0.999492	0.9995	0.999504	0.999504	0.9995	0.999492	0.999474	0.999439	0.999374	0.999253	0.999037	0.99866	0.998019	0.996957	0.995241	0.992542	0.988399	0.982203	0.973168	0.960322	0.942515	0.918448	0.88673	0.84597	0.794891	0.732472	0.658086	0.571636	0.473655	0.365351	0.248601	0.125856	0	
0	0.125808	0.248507	0.365214	0.473476	0.571421	0.657839	0.732198	0.794594	0.845654	0.8864	0.918107	0.942166	0.959966	0.972808	0.981841	0.988035	0.992176	0.994875	0.996589	0.997651	0.998292	0.998669	0.998885	0.999005	0.999071	0.999106	0.999124	0.999132	0.999136	0.999136	0.999132	0.999124	0.999106	0.999071	0.999005	0.998885	0.998669	0.998292	0.997651	0.996589	0.994875	0.992176	0.988035	0.981841	0.972808	0.959966	0.942166	0.918107	0.8864	0.845654	0.794594	0.732198	0.657839	0.571421	0.473476	0.365214	0.248507	0.125808	0	
0	0.125726	0.248345	0.364976	0.473168	0.57105	0.657412	0.731724	0.794081	0.845109	0.88583	0.917517	0.941562	0.959352	0.972186	0.981213	0.987404	0.991542	0.99424	0.995954	0.997015	0.997655	0.998032	0.998248	0.998369	0.998434	0.998469	0.998487	0.998496	0.998499	0.998499	0.998496	0.998487	0.998469	0.998434	0.998369	0.998248	0.998032	0.997655	0.997015	0.995954	0.99424	0.991542	0.987404	0.981213	0.972186	0.959352	0.941562	0.917517	0.88583	0.845109	0.794081	0.731724	0.657412	0.57105	0.473168	0.364976	0.248345	0.125726	0	
0	0.12559	0.248075	0.36458	0.472656	0.570433	0.656703	0.730936	0.793227	0.844202	0.884881	0.916536	0.940556	0.958329	0.97115	0.980169	0.986353	0.990488	0.993183	0.994895	0.995956	0.996596	0.996972	0.997188	0.997309	0.997374	0.997409	0.997427	0.997435	0.997439	0.997439	0.997435	0.997427	0.997409	0.997374	0.997309	0.997188	0.996972	0.996596	0.995956	0.994895	0.993183	0.990488	0.986353	0.980169	0.97115	0.958329	0.940556	0.916536	0.884881	0.844202	0.793227	0.730936	0.656703	0.570433	0.472656	0.36458	0.248075	0.12559	0	
0	0.12537	0.247641	0.363942	0.47183	0.569437	0.655558	0.729663	0.791849	0.842738	0.883348	0.91495	0.938931	0.956675	0.969476	0.97848	0.984655	0.988784	0.991475	0.993184	0.994243	0.994882	0.995258	0.995474	0.995594	0.995659	0.995694	0.995712	0.99572	0.995724	0.995724	0.99572	0.995712	0.995694	0.995659	0.995594	0.995474	0.995258	0.994882	0.994243	0.993184	0.991475	0.988784	0.984655	0.97848	0.969476	0.956675	0.938931	0.91495	0.883348	0.842738	0.791849	0.729663	0.655558	0.569437	0.47183	0.363942	0.247641	0.12537	0	
0	0.125024	0.246958	0.36294	0.470531	0.567872	0.653758	0.727663	0.789681	0.840433	0.880936	0.912455	0.936374	0.954071	0.96684	0.975822	0.981981	0.9861	0.988784	0.99049	0.991546	0.992184	0.992559	0.992774	0.992894	0.992959	0.992994	0.993012	0.99302	0.993024	0.993024	0.99302	0.993012	0.992994	0.992959	0.992894	0.992774	0.992559	0.992184	0.991546	0.99049	0.988784	0.9861	0.981981	0.975822	0.96684	0.954071	0.936374	0.912455	0.880936	0.840433	0.789681	0.727663	0.653758	0.567872	0.470531	0.36294	0.246958	0.125024	0	
0	0.124495	0.245913	0.361404	0.468542	0.565474	0.651001	0.724597	0.786358	0.836901	0.877238	0.908629	0.932451	0.950078	0.962796	0.971743	0.977879	0.981982	0.984656	0.986355	0.987407	0.988043	0.988417	0.988631	0.988751	0.988816	0.98885	0.988868	0.988876	0.98888	0.98888	0.988876	0.988868	0.98885	0.988816	0.988751	0.988631	0.988417	0.988043	0.987407	0.986355	0.984656	0.981982	0.977879	0.971743	0.962796	0.950078	0.932451	0.908629	0.877238	0.836901	0.786358	0.724597	0.651001	0.565474	0.468542	0.361404	0.245913	0.124495	0	
0	0.123704	0.244352	0.359112	0.465572	0.561892	0.646882	0.720017	0.781393	0.831623	0.871711	0.90291	0.926587	0.944108	0.956749	0.965643	0.971743	0.975822	0.978481	0.98017	0.981217	0.981849	0.982221	0.982434	0.982553	0.982618	0.982652	0.982669	0.982678	0.982681	0.982681	0.982678	0.982669	0.982652	0.982618	0.982553	0.982434	0.982221	0.981849	0.981217	0.98017	0.978481	0.975822	0.971743	0.965643	0.956749	0.944108	0.926587	0.90291	0.871711	0.831623	0.781393	0.720017	0.646882	0.561892	0.465572	0.359112	0.244352	0.123704	0	
0	0.122554	0.242081	0.355775	0.461249	0.556678	0.640883	0.713346	0.77416	0.823932	0.863656	0.894574	0.918039	0.935404	0.947934	0.956749	0.962796	0.96684	0.969476	0.971152	0.97219	0.972816	0.973185	0.973396	0.973515	0.973579	0.973613	0.97363	0.973639	0.973642	0.973642	0.973639	0.97363	0.973613	0.973579	0.973515	0.973396	0.973185	0.972816	0.97219	0.971152	0.969476	0.96684	0.962796	0.956749	0.947934	0.935404	0.918039	0.894574	0.863656	0.823932	0.77416	0.713346	0.640883	0.556678	0.461249	0.355775	0.242081	0.122554	0	
0	0.120921	0.238856	0.351038	0.455111	0.549274	0.632366	0.703873	0.763887	0.813007	0.852213	0.88273	0.905892	0.923033	0.935404	0.944108	0.950078	0.954072	0.956675	0.95833	0.959355	0.959975	0.960339	0.960548	0.960665	0.960728	0.960762	0.960779	0.960787	0.960791	0.960791	0.960787	0.960779	0.960762	0.960728	0.960665	0.960548	0.960339	0.959975	0.959355	0.95833	0.956675	0.954072	0.950078	0.944108	0.935404	0.923033	0.905892	0.88273	0.852213	0.813007	0.763887	0.703873	0.632366	0.549274	0.455111	0.351038	0.238856	0.120921	0	
0	0.118662	0.234394	0.344482	0.446614	0.539025	0.620573	0.690755	0.74966	0.797875	0.836362	0.86632	0.88906	0.905892	0.918039	0.926587	0.932451	0.936374	0.938932	0.940558	0.941565	0.942174	0.942532	0.942737	0.942852	0.942915	0.942948	0.942965	0.942973	0.942976	0.942976	0.942973	0.942965	0.942948	0.942915	0.942852	0.942737	0.942532	0.942174	0.941565	0.940558	0.938932	0.936374	0.932451	0.926587	0.918039	0.905892	0.88906	0.86632	0.836362	0.797875	0.74966	0.690755	0.620573	0.539025	0.446614	0.344482	0.234394	0.118662	0	
0	0.115612	0.228371	0.335633	0.435146	0.52519	0.604652	0.673043	0.730447	0.777438	0.81495	0.844152	0.86632	0.88273	0.894574	0.90291	0.908629	0.912456	0.914951	0.916538	0.917521	0.918115	0.918464	0.918665	0.918777	0.918838	0.91887	0.918887	0.918895	0.918898	0.918898	0.918895	0.918887	0.91887	0.918838	0.918777	0.918665	0.918464	0.918115	0.917521	0.916538	0.914951	0.912456	0.908629	0.90291	0.894574	0.88273	0.86632	0.844152	0.81495	0.777438	0.730447	0.673043	0.604652	0.52519	0.435146	0.335633	0.228371	0.115612	0	
0	0.111599	0.220445	0.323986	0.42005	0.506976	0.583691	0.649721	0.705147	0.750522	0.786747	0.81495	0.836362	0.852213	0.863656	0.871711	0.877238	0.880936	0.883349	0.884883	0.885833	0.886408	0.886746	0.88694	0.887049	0.887108	0.887139	0.887155	0.887163	0.887166	0.887166	0.887163	0.887155	0.887139	0.887108	0.887049	0.88694	0.886746	0.886408	0.885833	0.884883	0.883349	0.880936	0.877238	0.871711	0.863656	0.852213	0.836362	0.81495	0.786747	0.750522	0.705147	0.649721	0.583691	0.506976	0.42005	0.323986	0.220445	0.111599	0	
0	0.106448	0.210271	0.309036	0.400672	0.483594	0.556779	0.619774	0.672657	0.715953	0.750522	0.777438	0.797875	0.813007	0.823932	0.831623	0.836901	0.840434	0.842738	0.844204	0.845112	0.845662	0.845985	0.846171	0.846274	0.846331	0.846361	0.846376	0.846384	0.846387	0.846387	0.846384	0.846376	0.846361	0.846331	0.846274	0.846171	0.845985	0.845662	0.845112	0.844204	0.842738	0.840434	0.836901	0.831623	0.823932	0.813007	0.797875	0.777438	0.750522	0.715953	0.672657	0.619774	0.556779	0.483594	0.400672	0.309036	0.210271	0.106448	0	
0	0.1	0.197536	0.290321	0.376411	0.454319	0.523082	0.582274	0.631969	0.672657	0.705147	0.730447	0.74966	0.763887	0.77416	0.781393	0.786358	0.789681	0.791849	0.793229	0.794084	0.794601	0.794906	0.79508	0.795178	0.795232	0.79526	0.795274	0.795281	0.795284	0.795284	0.795281	0.795274	0.79526	0.795232	0.795178	0.79508	0.794906	0.794601	0.794084	0.793229	0.791849	0.789681	0.786358	0.781393	0.77416	0.763887	0.74966	0.730447	0.705147	0.672657	0.631969	0.582274	0.523082	0.454319	0.376411	0.290321	0.197536	0.1	0	
0	0.0921288	0.181988	0.267472	0.346791	0.418573	0.481933	0.536478	0.582274	0.619774	0.649721	0.673043	0.690755	0.703873	0.713346	0.720017	0.724597	0.727663	0.729664	0.730937	0.731727	0.732204	0.732485	0.732647	0.732737	0.732786	0.732813	0.732826	0.732832	0.732835	0.732835	0.732832	0.732826	0.732813	0.732786	0.732737	0.732647	0.732485	0.732204	0.731727	0.730937	0.729664	0.727663	0.724597	0.720017	0.713346	0.703873	0.690755	0.673043	0.649721	0.619774	0.582274	0.536478	0.481933	0.418573	0.346791	0.267472	0.181988	0.0921288	0	
0	0.0827563	0.163474	0.240264	0.311518	0.376004	0.432927	0.481933	0.523082	0.556779	0.583691	0.604652	0.620573	0.632366	0.640883	0.646882	0.651001	0.653759	0.655559	0.656704	0.657415	0.657845	0.658098	0.658243	0.658325	0.658369	0.658393	0.658405	0.658411	0.658413	0.658413	0.658411	0.658405	0.658393	0.658369	0.658325	0.658243	0.658098	0.657845	0.657415	0.656704	0.655559	0.653759	0.651001	0.646882	0.640883	0.632366	0.620573	0.604652	0.583691	0.556779	0.523082	0.481933	0.432927	0.376004	0.311518	0.240264	0.163474	0.0827563	0	
0	0.0718718	0.141974	0.208666	0.270552	0.326562	0.376004	0.418573	0.454319	0.483594	0.506976	0.52519	0.539025	0.549274	0.556678	0.561892	0.565474	0.567872	0.569438	0.570434	0.571052	0.571426	0.571647	0.571773	0.571844	0.571883	0.571904	0.571914	0.571919	0.571921	0.571921	0.571919	0.571914	0.571904	0.571883	0.571844	0.571773	0.571647	0.571426	0.571052	0.570434	0.569438	0.567872	0.565474	0.561892	0.556678	0.549274	0.539025	0.52519	0.506976	0.483594	0.454319	0.418573	0.376004	0.326562	0.270552	0.208666	0.141974	0.0718718	0	
0	0.059543	0.11762	0.172874	0.224146	0.270552	0.311518	0.346791	0.376411	0.400672	0.42005	0.435146	0.446614	0.455111	0.461249	0.465572	0.468542	0.470532	0.47183	0.472657	0.47317	0.47348	0.473663	0.473769	0.473827	0.47386	0.473877	0.473885	0.47389	0.473891	0.473891	0.47389	0.473885	0.473877	0.47386	0.473827	0.473769	0.473663	0.47348	0.47317	0.472657	0.47183	0.470532	0.468542	0.465572	0.461249	0.455111	0.446614	0.435146	0.42005	0.400672	0.376411	0.346791	0.311518	0.270552	0.224146	0.172874	0.11762	0.059543	0	
0	0.0459221	0.0907142	0.133329	0.172874	0.208666	0.240264	0.267472	0.290321	0.309036	0.323986	0.335633	0.344482	0.351038	0.355775	0.359112	0.361404	0.36294	0.363943	0.364581	0.364977	0.365217	0.365358	0.365439	0.365485	0.36551	0.365523	0.36553	0.365533	0.365534	0.365534	0.365533	0.36553	0.365523	0.36551	0.365485	0.365439	0.365358	0.365217	0.364977	0.364581	0.363943	0.36294	0.361404	0.359112	0.355775	0.351038	0.344482	0.335633	0.323986	0.309036	0.290321	0.267472	0.240264	0.208666	0.172874	0.133329	0.0907142	0.0459221	0	
0	0.0312443	0.0617199	0.0907142	0.11762	0.141974	0.163474	0.181988	0.197536	0.210271	0.220445	0.228371	0.234394	0.238856	0.242081	0.244352	0.245913	0.246958	0.247641	0.248076	0.248346	0.248509	0.248605	0.248661	0.248692	0.248708	0.248717	0.248722	0.248724	0.248725	0.248725	0.248724	0.248722	0.248717	0.248708	0.248692	0.248661	0.248605	0.248509	0.248346	0.248076	0.247641	0.246958	0.245913	0.244352	0.242081	0.238856	0.234394	0.228371	0.220445	0.210271	0.197536	0.181988	0.163474	0.141974	0.11762	0.0907142	0.0617199	0.0312443	0	
0	0.0158167	0.0312443	0.0459221	0.059543	0.0718718	0.0827563	0.0921288	0.1	0.106448	0.111599	0.115612	0.118662	0.120921	0.122554	0.123704	0.124495	0.125024	0.12537	0.12559	0.125727	0.125809	0.125858	0.125886	0.125902	0.125911	0.125915	0.125917	0.125919	0.125919	0.125919	0.125919	0.125917	0.125915	0.125911	0.125902	0.125886	0.125858	0.125809	0.125727	0.12559	0.12537	0.125024	0.124495	0.123704	0.122554	0.120921	0.118662	0.115612	0.111599	0.106448	0.1	0.0921288	0.0827563	0.0718718	0.059543	0.0459221	0.0312443	0.0158167	0	
0	0	0	0	0	0	0	0	0	0	0	0	0	0	0	0	0	0	0	0	0	0	0	0	0	0	0	0	0	0	0	0	0	0	0	0	0	0	0	0	0	0	0	0	0	0	0	0	0	0	0	0	0	0	0	0	0	0	0	0	
