0	0	0	0	0	0	0	0	0	0	0	0	0	0	0	0	0	0	0	0	0	0	0	0	0	0	0	0	0	0	0	0	0	0	0	0	0	0	0	0	0	0	0	0	0	0	0	0	0	0	0	0	0	0	0	0	0	0	0	0	
0	0.0276194	0.054061	0.078295	0.0995577	0.117416	0.131773	0.14282	0.150955	0.156688	0.160553	0.163046	0.164583	0.16549	0.166002	0.166278	0.16642	0.16649	0.166523	0.166537	0.166544	0.166546	0.166547	0.166548	0.166548	0.166548	0.166548	0.166548	0.166548	0.166548	0.166548	0.166548	0.166548	0.166548	0.166548	0.166548	0.166548	0.166547	0.166546	0.166544	0.166537	0.166523	0.16649	0.16642	0.166278	0.166002	0.16549	0.164583	0.163046	0.160553	0.156688	0.150955	0.14282	0.131773	0.117416	0.0995577	0.078295	0.054061	0.0276194	0	
0	0.054061	0.105816	0.153248	0.194863	0.229812	0.257907	0.279523	0.295439	0.306653	0.314212	0.319087	0.322094	0.323867	0.324867	0.325405	0.325683	0.325819	0.325884	0.325912	0.325925	0.32593	0.325932	0.325932	0.325933	0.325933	0.325933	0.325933	0.325933	0.325933	0.325933	0.325933	0.325933	0.325933	0.325933	0.325933	0.325932	0.325932	0.32593	0.325925	0.325912	0.325884	0.325819	0.325683	0.325405	0.324867	0.323867	0.322094	0.319087	0.314212	0.306653	0.295439	0.279523	0.257907	0.229812	0.194863	0.153248	0.105816	0.054061	0	
0	0.078295	0.153248	0.221938	0.282198	0.332801	0.373474	0.404763	0.427797	0.444023	0.454958	0.462008	0.466354	0.468917	0.470362	0.47114	0.47154	0.471737	0.47183	0.471871	0.471889	0.471896	0.471899	0.4719	0.4719	0.4719	0.4719	0.4719	0.4719	0.4719	0.4719	0.4719	0.4719	0.4719	0.4719	0.4719	0.4719	0.471899	0.471896	0.471889	0.471871	0.47183	0.471737	0.47154	0.47114	0.470362	0.468917	0.466354	0.462008	0.454958	0.444023	0.427797	0.404763	0.373474	0.332801	0.282198	0.221938	0.153248	0.078295	0	
0	0.0995577	0.194863	0.282198	0.358807	0.423131	0.474824	0.514581	0.543843	0.56445	0.578334	0.587281	0.592796	0.596045	0.597876	0.598862	0.599369	0.599619	0.599735	0.599788	0.59981	0.599819	0.599823	0.599824	0.599825	0.599825	0.599825	0.599825	0.599825	0.599825	0.599825	0.599825	0.599825	0.599825	0.599825	0.599825	0.599824	0.599823	0.599819	0.59981	0.599788	0.599735	0.599619	0.599369	0.598862	0.597876	0.596045	0.592796	0.587281	0.578334	0.56445	0.543843	0.514581	0.474824	0.423131	0.358807	0.282198	0.194863	0.0995577	0	
0	0.117416	0.229812	0.332801	0.423131	0.498963	0.559893	0.606743	0.641216	0.665485	0.681829	0.692358	0.698845	0.702666	0.704817	0.705975	0.70657	0.706862	0.706999	0.707061	0.707087	0.707097	0.707102	0.707103	0.707104	0.707104	0.707104	0.707104	0.707104	0.707104	0.707104	0.707104	0.707104	0.707104	0.707104	0.707104	0.707103	0.707102	0.707097	0.707087	0.707061	0.706999	0.706862	0.70657	0.705975	0.704817	0.702666	0.698845	0.692358	0.681829	0.665485	0.641216	0.606743	0.559893	0.498963	0.423131	0.332801	0.229812	0.117416	0	
0	0.131773	0.257907	0.373474	0.474824	0.559893	0.628229	0.680762	0.719404	0.746599	0.764907	0.776695	0.783955	0.788228	0.790633	0.791926	0.792591	0.792917	0.793069	0.793138	0.793167	0.793179	0.793183	0.793185	0.793186	0.793186	0.793186	0.793186	0.793186	0.793186	0.793186	0.793186	0.793186	0.793186	0.793186	0.793186	0.793185	0.793183	0.793179	0.793167	0.793138	0.793069	0.792917	0.792591	0.791926	0.790633	0.788228	0.783955	0.776695	0.764907	0.746599	0.719404	0.680762	0.628229	0.559893	0.474824	0.373474	0.257907	0.131773	0	
0	0.14282	0.279523	0.404763	0.514581	0.606743	0.680762	0.737648	0.77948	0.808909	0.828714	0.841461	0.849307	0.853923	0.856519	0.857914	0.858631	0.858982	0.859146	0.85922	0.859251	0.859264	0.859269	0.859271	0.859271	0.859271	0.859272	0.859272	0.859272	0.859272	0.859272	0.859272	0.859272	0.859272	0.859271	0.859271	0.859271	0.859269	0.859264	0.859251	0.85922	0.859146	0.858982	0.858631	0.857914	0.856519	0.853923	0.849307	0.841461	0.828714	0.808909	0.77948	0.737648	0.680762	0.606743	0.514581	0.404763	0.279523	0.14282	0	
0	0.150955	0.295439	0.427797	0.543843	0.641216	0.719404	0.77948	0.823645	0.854706	0.875601	0.889044	0.897314	0.902178	0.904912	0.90638	0.907134	0.907503	0.907676	0.907753	0.907786	0.907799	0.907804	0.907806	0.907807	0.907807	0.907807	0.907807	0.907807	0.907807	0.907807	0.907807	0.907807	0.907807	0.907807	0.907807	0.907806	0.907804	0.907799	0.907786	0.907753	0.907676	0.907503	0.907134	0.90638	0.904912	0.902178	0.897314	0.889044	0.875601	0.854706	0.823645	0.77948	0.719404	0.641216	0.543843	0.427797	0.295439	0.150955	0	
0	0.156688	0.306653	0.444023	0.56445	0.665485	0.746599	0.808909	0.854706	0.886904	0.908558	0.922485	0.931048	0.936083	0.938911	0.94043	0.941208	0.94159	0.941768	0.941847	0.941881	0.941895	0.9419	0.941902	0.941903	0.941903	0.941903	0.941903	0.941903	0.941903	0.941903	0.941903	0.941903	0.941903	0.941903	0.941903	0.941902	0.9419	0.941895	0.941881	0.941847	0.941768	0.94159	0.941208	0.94043	0.938911	0.936083	0.931048	0.922485	0.908558	0.886904	0.854706	0.808909	0.746599	0.665485	0.56445	0.444023	0.306653	0.156688	0	
0	0.160553	0.314212	0.454958	0.578334	0.681829	0.764907	0.828714	0.875601	0.908558	0.930716	0.944963	0.95372	0.958867	0.961757	0.963308	0.964103	0.964492	0.964674	0.964755	0.96479	0.964803	0.964809	0.964811	0.964812	0.964812	0.964812	0.964812	0.964812	0.964812	0.964812	0.964812	0.964812	0.964812	0.964812	0.964812	0.964811	0.964809	0.964803	0.96479	0.964755	0.964674	0.964492	0.964103	0.963308	0.961757	0.958867	0.95372	0.944963	0.930716	0.908558	0.875601	0.828714	0.764907	0.681829	0.578334	0.454958	0.314212	0.160553	0	
0	0.163046	0.319087	0.462008	0.587281	0.692358	0.776695	0.841461	0.889044	0.922485	0.944963	0.959411	0.968291	0.973508	0.976437	0.978008	0.978813	0.979207	0.979391	0.979473	0.979508	0.979522	0.979527	0.979529	0.97953	0.97953	0.97953	0.97953	0.97953	0.97953	0.97953	0.97953	0.97953	0.97953	0.97953	0.97953	0.979529	0.979527	0.979522	0.979508	0.979473	0.979391	0.979207	0.978813	0.978008	0.976437	0.973508	0.968291	0.959411	0.944963	0.922485	0.889044	0.841461	0.776695	0.692358	0.587281	0.462008	0.319087	0.163046	0	
0	0.164583	0.322094	0.466354	0.592796	0.698845	0.783955	0.849307	0.897314	0.931048	0.95372	0.968291	0.977244	0.982503	0.985455	0.987038	0.987849	0.988246	0.988431	0.988513	0.988548	0.988563	0.988568	0.98857	0.988571	0.988571	0.988571	0.988571	0.988571	0.988571	0.988571	0.988571	0.988571	0.988571	0.988571	0.988571	0.98857	0.988568	0.988563	0.988548	0.988513	0.988431	0.988246	0.987849	0.987038	0.985455	0.982503	0.977244	0.968291	0.95372	0.931048	0.897314	0.849307	0.783955	0.698845	0.592796	0.466354	0.322094	0.164583	0	
0	0.16549	0.323867	0.468917	0.596045	0.702666	0.788228	0.853923	0.902178	0.936083	0.958867	0.973508	0.982503	0.987786	0.99075	0.99234	0.993154	0.993553	0.993739	0.993821	0.993857	0.993871	0.993876	0.993878	0.993879	0.993879	0.993879	0.993879	0.993879	0.993879	0.993879	0.993879	0.993879	0.993879	0.993879	0.993879	0.993878	0.993876	0.993871	0.993857	0.993821	0.993739	0.993553	0.993154	0.99234	0.99075	0.987786	0.982503	0.973508	0.958867	0.936083	0.902178	0.853923	0.788228	0.702666	0.596045	0.468917	0.323867	0.16549	0	
0	0.166002	0.324867	0.470362	0.597876	0.704817	0.790633	0.856519	0.904912	0.938911	0.961757	0.976437	0.985455	0.99075	0.993722	0.995316	0.996132	0.996531	0.996717	0.9968	0.996835	0.996849	0.996855	0.996857	0.996858	0.996858	0.996858	0.996858	0.996858	0.996858	0.996858	0.996858	0.996858	0.996858	0.996858	0.996858	0.996857	0.996855	0.996849	0.996835	0.9968	0.996717	0.996531	0.996132	0.995316	0.993722	0.99075	0.985455	0.976437	0.961757	0.938911	0.904912	0.856519	0.790633	0.704817	0.597876	0.470362	0.324867	0.166002	0	
0	0.166278	0.325405	0.47114	0.598862	0.705975	0.791926	0.857914	0.90638	0.94043	0.963308	0.978008	0.987038	0.99234	0.995316	0.996911	0.997728	0.998127	0.998314	0.998397	0.998432	0.998446	0.998452	0.998454	0.998454	0.998455	0.998455	0.998455	0.998455	0.998455	0.998455	0.998455	0.998455	0.998455	0.998455	0.998454	0.998454	0.998452	0.998446	0.998432	0.998397	0.998314	0.998127	0.997728	0.996911	0.995316	0.99234	0.987038	0.978008	0.963308	0.94043	0.90638	0.857914	0.791926	0.705975	0.598862	0.47114	0.325405	0.166278	0	
0	0.16642	0.325683	0.47154	0.599369	0.70657	0.792591	0.858631	0.907134	0.941208	0.964103	0.978813	0.987849	0.993154	0.996132	0.997728	0.998545	0.998945	0.999131	0.999214	0.99925	0.999264	0.999269	0.999271	0.999272	0.999272	0.999272	0.999272	0.999272	0.999272	0.999272	0.999272	0.999272	0.999272	0.999272	0.999272	0.999271	0.999269	0.999264	0.99925	0.999214	0.999131	0.998945	0.998545	0.997728	0.996132	0.993154	0.987849	0.978813	0.964103	0.941208	0.907134	0.858631	0.792591	0.70657	0.599369	0.47154	0.325683	0.16642	0	
0	0.16649	0.325819	0.471737	0.599619	0.706862	0.792917	0.858982	0.907503	0.94159	0.964492	0.979207	0.988246	0.993553	0.996531	0.998127	0.998945	0.999344	0.999531	0.999614	0.999649	0.999664	0.999669	0.999671	0.999672	0.999672	0.999672	0.999672	0.999672	0.999672	0.999672	0.999672	0.999672	0.999672	0.999672	0.999672	0.999671	0.999669	0.999664	0.999649	0.999614	0.999531	0.999344	0.998945	0.998127	0.996531	0.993553	0.988246	0.979207	0.964492	0.94159	0.907503	0.858982	0.792917	0.706862	0.599619	0.471737	0.325819	0.16649	0	
0	0.166523	0.325884	0.47183	0.599735	0.706999	0.793069	0.859146	0.907676	0.941768	0.964674	0.979391	0.988431	0.993739	0.996717	0.998314	0.999131	0.999531	0.999718	0.999801	0.999836	0.99985	0.999856	0.999858	0.999858	0.999859	0.999859	0.999859	0.999859	0.999859	0.999859	0.999859	0.999859	0.999859	0.999859	0.999858	0.999858	0.999856	0.99985	0.999836	0.999801	0.999718	0.999531	0.999131	0.998314	0.996717	0.993739	0.988431	0.979391	0.964674	0.941768	0.907676	0.859146	0.793069	0.706999	0.599735	0.47183	0.325884	0.166523	0	
0	0.166537	0.325912	0.471871	0.599788	0.707061	0.793138	0.85922	0.907753	0.941847	0.964755	0.979473	0.988513	0.993821	0.9968	0.998397	0.999214	0.999614	0.999801	0.999884	0.999919	0.999933	0.999939	0.999941	0.999941	0.999942	0.999942	0.999942	0.999942	0.999942	0.999942	0.999942	0.999942	0.999942	0.999942	0.999941	0.999941	0.999939	0.999933	0.999919	0.999884	0.999801	0.999614	0.999214	0.998397	0.9968	0.993821	0.988513	0.979473	0.964755	0.941847	0.907753	0.85922	0.793138	0.707061	0.599788	0.471871	0.325912	0.166537	0	
0	0.166544	0.325925	0.471889	0.59981	0.707087	0.793167	0.859251	0.907786	0.941881	0.96479	0.979508	0.988548	0.993857	0.996835	0.998432	0.99925	0.999649	0.999836	0.999919	0.999954	0.999969	0.999974	0.999976	0.999977	0.999977	0.999977	0.999977	0.999977	0.999977	0.999977	0.999977	0.999977	0.999977	0.999977	0.999977	0.999976	0.999974	0.999969	0.999954	0.999919	0.999836	0.999649	0.99925	0.998432	0.996835	0.993857	0.988548	0.979508	0.96479	0.941881	0.907786	0.859251	0.793167	0.707087	0.59981	0.471889	0.325925	0.166544	0	
0	0.166546	0.32593	0.471896	0.599819	0.707097	0.793179	0.859264	0.907799	0.941895	0.964803	0.979522	0.988563	0.993871	0.996849	0.998446	0.999264	0.999664	0.99985	0.999933	0.999969	0.999983	0.999988	0.99999	0.999991	0.999991	0.999991	0.999991	0.999991	0.999991	0.999991	0.999991	0.999991	0.999991	0.999991	0.999991	0.99999	0.999988	0.999983	0.999969	0.999933	0.99985	0.999664	0.999264	0.998446	0.996849	0.993871	0.988563	0.979522	0.964803	0.941895	0.907799	0.859264	0.793179	0.707097	0.599819	0.471896	0.32593	0.166546	0	
0	0.166547	0.325932	0.471899	0.599823	0.707102	0.793183	0.859269	0.907804	0.9419	0.964809	0.979527	0.988568	0.993876	0.996855	0.998452	0.999269	0.999669	0.999856	0.999939	0.999974	0.999988	0.999994	0.999996	0.999997	0.999997	0.999997	0.999997	0.999997	0.999997	0.999997	0.999997	0.999997	0.999997	0.999997	0.999997	0.999996	0.999994	0.999988	0.999974	0.999939	0.999856	0.999669	0.999269	0.998452	0.996855	0.993876	0.988568	0.979527	0.964809	0.9419	0.907804	0.859269	0.793183	0.707102	0.599823	0.471899	0.325932	0.166547	0	
0	0.166548	0.325932	0.4719	0.599824	0.707103	0.793185	0.859271	0.907806	0.941902	0.964811	0.979529	0.98857	0.993878	0.996857	0.998454	0.999271	0.999671	0.999858	0.999941	0.999976	0.99999	0.999996	0.999998	0.999999	0.999999	0.999999	0.999999	0.999999	0.999999	0.999999	0.999999	0.999999	0.999999	0.999999	0.999999	0.999998	0.999996	0.99999	0.999976	0.999941	0.999858	0.999671	0.999271	0.998454	0.996857	0.993878	0.98857	0.979529	0.964811	0.941902	0.907806	0.859271	0.793185	0.707103	0.599824	0.4719	0.325932	0.166548	0	
0	0.166548	0.325932	0.4719	0.599825	0.707104	0.793185	0.859271	0.907806	0.941903	0.964811	0.97953	0.988571	0.993879	0.996858	0.998454	0.999272	0.999672	0.999858	0.999941	0.999977	0.999991	0.999996	0.999999	0.999999	0.999999	1	1	1	1	1	1	1	1	0.999999	0.999999	0.999999	0.999996	0.999991	0.999977	0.999941	0.999858	0.999672	0.999272	0.998454	0.996858	0.993879	0.988571	0.97953	0.964811	0.941903	0.907806	0.859271	0.793185	0.707104	0.599825	0.4719	0.325932	0.166548	0	
0	0.166548	0.325932	0.4719	0.599825	0.707104	0.793185	0.859271	0.907806	0.941903	0.964811	0.97953	0.988571	0.993879	0.996858	0.998454	0.999272	0.999672	0.999858	0.999941	0.999977	0.999991	0.999996	0.999999	0.999999	0.999999	1	1	1	1	1	1	1	1	0.999999	0.999999	0.999999	0.999996	0.999991	0.999977	0.999941	0.999858	0.999672	0.999272	0.998454	0.996858	0.993879	0.988571	0.97953	0.964811	0.941903	0.907806	0.859271	0.793185	0.707104	0.599825	0.4719	0.325932	0.166548	0	
0	0.166548	0.325932	0.4719	0.599824	0.707103	0.793185	0.859271	0.907806	0.941902	0.964811	0.979529	0.98857	0.993878	0.996857	0.998454	0.999271	0.999671	0.999858	0.999941	0.999976	0.99999	0.999996	0.999998	0.999999	0.999999	0.999999	0.999999	0.999999	0.999999	0.999999	0.999999	0.999999	0.999999	0.999999	0.999999	0.999998	0.999996	0.99999	0.999976	0.999941	0.999858	0.999671	0.999271	0.998454	0.996857	0.993878	0.98857	0.979529	0.964811	0.941902	0.907806	0.859271	0.793185	0.707103	0.599824	0.4719	0.325932	0.166548	0	
0	0.166547	0.325932	0.471899	0.599823	0.707102	0.793183	0.859269	0.907804	0.9419	0.964809	0.979527	0.988568	0.993876	0.996855	0.998452	0.999269	0.999669	0.999856	0.999939	0.999974	0.999988	0.999994	0.999996	0.999997	0.999997	0.999997	0.999997	0.999997	0.999997	0.999997	0.999997	0.999997	0.999997	0.999997	0.999997	0.999996	0.999994	0.999988	0.999974	0.999939	0.999856	0.999669	0.999269	0.998452	0.996855	0.993876	0.988568	0.979527	0.964809	0.9419	0.907804	0.859269	0.793183	0.707102	0.599823	0.471899	0.325932	0.166547	0	
0	0.166546	0.32593	0.471896	0.599819	0.707097	0.793179	0.859264	0.907799	0.941895	0.964803	0.979522	0.988563	0.993871	0.996849	0.998446	0.999264	0.999664	0.99985	0.999933	0.999969	0.999983	0.999988	0.99999	0.999991	0.999991	0.999991	0.999991	0.999991	0.999991	0.999991	0.999991	0.999991	0.999991	0.999991	0.999991	0.99999	0.999988	0.999983	0.999969	0.999933	0.99985	0.999664	0.999264	0.998446	0.996849	0.993871	0.988563	0.979522	0.964803	0.941895	0.907799	0.859264	0.793179	0.707097	0.599819	0.471896	0.32593	0.166546	0	
0	0.166544	0.325925	0.471889	0.59981	0.707087	0.793167	0.859251	0.907786	0.941881	0.96479	0.979508	0.988548	0.993857	0.996835	0.998432	0.99925	0.999649	0.999836	0.999919	0.999954	0.999969	0.999974	0.999976	0.999977	0.999977	0.999977	0.999977	0.999977	0.999977	0.999977	0.999977	0.999977	0.999977	0.999977	0.999977	0.999976	0.999974	0.999969	0.999954	0.999919	0.999836	0.999649	0.99925	0.998432	0.996835	0.993857	0.988548	0.979508	0.96479	0.941881	0.907786	0.859251	0.793167	0.707087	0.59981	0.471889	0.325925	0.166544	0	
0	0.166537	0.325912	0.471871	0.599788	0.707061	0.793138	0.85922	0.907753	0.941847	0.964755	0.979473	0.988513	0.993821	0.9968	0.998397	0.999214	0.999614	0.999801	0.999884	0.999919	0.999933	0.999939	0.999941	0.999941	0.999942	0.999942	0.999942	0.999942	0.999942	0.999942	0.999942	0.999942	0.999942	0.999942	0.999941	0.999941	0.999939	0.999933	0.999919	0.999884	0.999801	0.999614	0.999214	0.998397	0.9968	0.993821	0.988513	0.979473	0.964755	0.941847	0.907753	0.85922	0.793138	0.707061	0.599788	0.471871	0.325912	0.166537	0	
0	0.166523	0.325884	0.47183	0.599735	0.706999	0.793069	0.859146	0.907676	0.941768	0.964674	0.979391	0.988431	0.993739	0.996717	0.998314	0.999131	0.999531	0.999718	0.999801	0.999836	0.99985	0.999856	0.999858	0.999858	0.999859	0.999859	0.999859	0.999859	0.999859	0.999859	0.999859	0.999859	0.999859	0.999859	0.999858	0.999858	0.999856	0.99985	0.999836	0.999801	0.999718	0.999531	0.999131	0.998314	0.996717	0.993739	0.988431	0.979391	0.964674	0.941768	0.907676	0.859146	0.793069	0.706999	0.599735	0.47183	0.325884	0.166523	0	
0	0.16649	0.325819	0.471737	0.599619	0.706862	0.792917	0.858982	0.907503	0.94159	0.964492	0.979207	0.988246	0.993553	0.996531	0.998127	0.998945	0.999344	0.999531	0.999614	0.999649	0.999664	0.999669	0.999671	0.999672	0.999672	0.999672	0.999672	0.999672	0.999672	0.999672	0.999672	0.999672	0.999672	0.999672	0.999672	0.999671	0.999669	0.999664	0.999649	0.999614	0.999531	0.999344	0.998945	0.998127	0.996531	0.993553	0.988246	0.979207	0.964492	0.94159	0.907503	0.858982	0.792917	0.706862	0.599619	0.471737	0.325819	0.16649	0	
0	0.16642	0.325683	0.47154	0.599369	0.70657	0.792591	0.858631	0.907134	0.941208	0.964103	0.978813	0.987849	0.993154	0.996132	0.997728	0.998545	0.998945	0.999131	0.999214	0.99925	0.999264	0.999269	0.999271	0.999272	0.999272	0.999272	0.999272	0.999272	0.999272	0.999272	0.999272	0.999272	0.999272	0.999272	0.999272	0.999271	0.999269	0.999264	0.99925	0.999214	0.999131	0.998945	0.998545	0.997728	0.996132	0.993154	0.987849	0.978813	0.964103	0.941208	0.907134	0.858631	0.792591	0.70657	0.599369	0.47154	0.325683	0.16642	0	
0	0.166278	0.325405	0.47114	0.598862	0.705975	0.791926	0.857914	0.90638	0.94043	0.963308	0.978008	0.987038	0.99234	0.995316	0.996911	0.997728	0.998127	0.998314	0.998397	0.998432	0.998446	0.998452	0.998454	0.998454	0.998455	0.998455	0.998455	0.998455	0.998455	0.998455	0.998455	0.998455	0.998455	0.998455	0.998454	0.998454	0.998452	0.998446	0.998432	0.998397	0.998314	0.998127	0.997728	0.996911	0.995316	0.99234	0.987038	0.978008	0.963308	0.94043	0.90638	0.857914	0.791926	0.705975	0.598862	0.47114	0.325405	0.166278	0	
0	0.166002	0.324867	0.470362	0.597876	0.704817	0.790633	0.856519	0.904912	0.938911	0.961757	0.976437	0.985455	0.99075	0.993722	0.995316	0.996132	0.996531	0.996717	0.9968	0.996835	0.996849	0.996855	0.996857	0.996858	0.996858	0.996858	0.996858	0.996858	0.996858	0.996858	0.996858	0.996858	0.996858	0.996858	0.996858	0.996857	0.996855	0.996849	0.996835	0.9968	0.996717	0.996531	0.996132	0.995316	0.993722	0.99075	0.985455	0.976437	0.961757	0.938911	0.904912	0.856519	0.790633	0.704817	0.597876	0.470362	0.324867	0.166002	0	
0	0.16549	0.323867	0.468917	0.596045	0.702666	0.788228	0.853923	0.902178	0.936083	0.958867	0.973508	0.982503	0.987786	0.99075	0.99234	0.993154	0.993553	0.993739	0.993821	0.993857	0.993871	0.993876	0.993878	0.993879	0.993879	0.993879	0.993879	0.993879	0.993879	0.993879	0.993879	0.993879	0.993879	0.993879	0.993879	0.993878	0.993876	0.993871	0.993857	0.993821	0.993739	0.993553	0.993154	0.99234	0.99075	0.987786	0.982503	0.973508	0.958867	0.936083	0.902178	0.853923	0.788228	0.702666	0.596045	0.468917	0.323867	0.16549	0	
0	0.164583	0.322094	0.466354	0.592796	0.698845	0.783955	0.849307	0.897314	0.931048	0.95372	0.968291	0.977244	0.982503	0.985455	0.987038	0.987849	0.988246	0.988431	0.988513	0.988548	0.988563	0.988568	0.98857	0.988571	0.988571	0.988571	0.988571	0.988571	0.988571	0.988571	0.988571	0.988571	0.988571	0.988571	0.988571	0.98857	0.988568	0.988563	0.988548	0.988513	0.988431	0.988246	0.987849	0.987038	0.985455	0.982503	0.977244	0.968291	0.95372	0.931048	0.897314	0.849307	0.783955	0.698845	0.592796	0.466354	0.322094	0.164583	0	
0	0.163046	0.319087	0.462008	0.587281	0.692358	0.776695	0.841461	0.889044	0.922485	0.944963	0.959411	0.968291	0.973508	0.976437	0.978008	0.978813	0.979207	0.979391	0.979473	0.979508	0.979522	0.979527	0.979529	0.97953	0.97953	0.97953	0.97953	0.97953	0.97953	0.97953	0.97953	0.97953	0.97953	0.97953	0.97953	0.979529	0.979527	0.979522	0.979508	0.979473	0.979391	0.979207	0.978813	0.978008	0.976437	0.973508	0.968291	0.959411	0.944963	0.922485	0.889044	0.841461	0.776695	0.692358	0.587281	0.462008	0.319087	0.163046	0	
0	0.160553	0.314212	0.454958	0.578334	0.681829	0.764907	0.828714	0.875601	0.908558	0.930716	0.944963	0.95372	0.958867	0.961757	0.963308	0.964103	0.964492	0.964674	0.964755	0.96479	0.964803	0.964809	0.964811	0.964812	0.964812	0.964812	0.964812	0.964812	0.964812	0.964812	0.964812	0.964812	0.964812	0.964812	0.964812	0.964811	0.964809	0.964803	0.96479	0.964755	0.964674	0.964492	0.964103	0.963308	0.961757	0.958867	0.95372	0.944963	0.930716	0.908558	0.875601	0.828714	0.764907	0.681829	0.578334	0.454958	0.314212	0.160553	0	
0	0.156688	0.306653	0.444023	0.56445	0.665485	0.746599	0.808909	0.854706	0.886904	0.908558	0.922485	0.931048	0.936083	0.938911	0.94043	0.941208	0.94159	0.941768	0.941847	0.941881	0.941895	0.9419	0.941902	0.941903	0.941903	0.941903	0.941903	0.941903	0.941903	0.941903	0.941903	0.941903	0.941903	0.941903	0.941903	0.941902	0.9419	0.941895	0.941881	0.941847	0.941768	0.94159	0.941208	0.94043	0.938911	0.936083	0.931048	0.922485	0.908558	0.886904	0.854706	0.808909	0.746599	0.665485	0.56445	0.444023	0.306653	0.156688	0	
0	0.150955	0.295439	0.427797	0.543843	0.641216	0.719404	0.77948	0.823645	0.854706	0.875601	0.889044	0.897314	0.902178	0.904912	0.90638	0.907134	0.907503	0.907676	0.907753	0.907786	0.907799	0.907804	0.907806	0.907807	0.907807	0.907807	0.907807	0.907807	0.907807	0.907807	0.907807	0.907807	0.907807	0.907807	0.907807	0.907806	0.907804	0.907799	0.907786	0.907753	0.907676	0.907503	0.907134	0.90638	0.904912	0.902178	0.897314	0.889044	0.875601	0.854706	0.823645	0.77948	0.719404	0.641216	0.543843	0.427797	0.295439	0.150955	0	
0	0.14282	0.279523	0.404763	0.514581	0.606743	0.680762	0.737648	0.77948	0.808909	0.828714	0.841461	0.849307	0.853923	0.856519	0.857914	0.858631	0.858982	0.859146	0.85922	0.859251	0.859264	0.859269	0.859271	0.859271	0.859271	0.859272	0.859272	0.859272	0.859272	0.859272	0.859272	0.859272	0.859272	0.859271	0.859271	0.859271	0.859269	0.859264	0.859251	0.85922	0.859146	0.858982	0.858631	0.857914	0.856519	0.853923	0.849307	0.841461	0.828714	0.808909	0.77948	0.737648	0.680762	0.606743	0.514581	0.404763	0.279523	0.14282	0	
0	0.131773	0.257907	0.373474	0.474824	0.559893	0.628229	0.680762	0.719404	0.746599	0.764907	0.776695	0.783955	0.788228	0.790633	0.791926	0.792591	0.792917	0.793069	0.793138	0.793167	0.793179	0.793183	0.793185	0.793186	0.793186	0.793186	0.793186	0.793186	0.793186	0.793186	0.793186	0.793186	0.793186	0.793186	0.793186	0.793185	0.793183	0.793179	0.793167	0.793138	0.793069	0.792917	0.792591	0.791926	0.790633	0.788228	0.783955	0.776695	0.764907	0.746599	0.719404	0.680762	0.628229	0.559893	0.474824	0.373474	0.257907	0.131773	0	
0	0.117416	0.229812	0.332801	0.423131	0.498963	0.559893	0.606743	0.641216	0.665485	0.681829	0.692358	0.698845	0.702666	0.704817	0.705975	0.70657	0.706862	0.706999	0.707061	0.707087	0.707097	0.707102	0.707103	0.707104	0.707104	0.707104	0.707104	0.707104	0.707104	0.707104	0.707104	0.707104	0.707104	0.707104	0.707104	0.707103	0.707102	0.707097	0.707087	0.707061	0.706999	0.706862	0.70657	0.705975	0.704817	0.702666	0.698845	0.692358	0.681829	0.665485	0.641216	0.606743	0.559893	0.498963	0.423131	0.332801	0.229812	0.117416	0	
0	0.0995577	0.194863	0.282198	0.358807	0.423131	0.474824	0.514581	0.543843	0.56445	0.578334	0.587281	0.592796	0.596045	0.597876	0.598862	0.599369	0.599619	0.599735	0.599788	0.59981	0.599819	0.599823	0.599824	0.599825	0.599825	0.599825	0.599825	0.599825	0.599825	0.599825	0.599825	0.599825	0.599825	0.599825	0.599825	0.599824	0.599823	0.599819	0.59981	0.599788	0.599735	0.599619	0.599369	0.598862	0.597876	0.596045	0.592796	0.587281	0.578334	0.56445	0.543843	0.514581	0.474824	0.423131	0.358807	0.282198	0.194863	0.0995577	0	
0	0.078295	0.153248	0.221938	0.282198	0.332801	0.373474	0.404763	0.427797	0.444023	0.454958	0.462008	0.466354	0.468917	0.470362	0.47114	0.47154	0.471737	0.47183	0.471871	0.471889	0.471896	0.471899	0.4719	0.4719	0.4719	0.4719	0.4719	0.4719	0.4719	0.4719	0.4719	0.4719	0.4719	0.4719	0.4719	0.4719	0.471899	0.471896	0.471889	0.471871	0.47183	0.471737	0.47154	0.47114	0.470362	0.468917	0.466354	0.462008	0.454958	0.444023	0.427797	0.404763	0.373474	0.332801	0.282198	0.221938	0.153248	0.078295	0	
0	0.054061	0.105816	0.153248	0.194863	0.229812	0.257907	0.279523	0.295439	0.306653	0.314212	0.319087	0.322094	0.323867	0.324867	0.325405	0.325683	0.325819	0.325884	0.325912	0.325925	0.32593	0.325932	0.325932	0.325933	0.325933	0.325933	0.325933	0.325933	0.325933	0.325933	0.325933	0.325933	0.325933	0.325933	0.325933	0.325932	0.325932	0.32593	0.325925	0.325912	0.325884	0.325819	0.325683	0.325405	0.324867	0.323867	0.322094	0.319087	0.314212	0.306653	0.295439	0.279523	0.257907	0.229812	0.194863	0.153248	0.105816	0.054061	0	
0	0.0276194	0.054061	0.078295	0.0995577	0.117416	0.131773	0.14282	0.150955	0.156688	0.160553	0.163046	0.164583	0.16549	0.166002	0.166278	0.16642	0.16649	0.166523	0.166537	0.166544	0.166546	0.166547	0.166548	0.166548	0.166548	0.166548	0.166548	0.166548	0.166548	0.166548	0.166548	0.166548	0.166548	0.166548	0.166548	0.166548	0.166547	0.166546	0.166544	0.166537	0.166523	0.16649	0.16642	0.166278	0.166002	0.16549	0.164583	0.163046	0.160553	0.156688	0.150955	0.14282	0.131773	0.117416	0.0995577	0.078295	0.054061	0.0276194	0	
0	0	0	0	0	0	0	0	0	0	0	0	0	0	0	0	0	0	0	0	0	0	0	0	0	0	0	0	0	0	0	0	0	0	0	0	0	0	0	0	0	0	0	0	0	0	0	0	0	0	0	0	0	0	0	0	0	0	0	0	
