0	0	0	0	0	0	0	0	0	0	0	0	0	0	0	0	0	0	0	0	0	0	0	0	0	0	0	0	0	0	0	0	0	0	0	0	0	0	0	0	0	0	0	0	0	0	0	0	0	0	0	0	0	0	0	0	0	0	0	0	
0	0.0473338	0.0912499	0.12905	0.159229	0.181572	0.196907	0.20666	0.212404	0.215536	0.217114	0.217849	0.218166	0.218291	0.218336	0.218352	0.218356	0.218358	0.218358	0.218358	0.218358	0.218358	0.218358	0.218358	0.218358	0.218358	0.218358	0.218358	0.218358	0.218358	0.218358	0.218358	0.218358	0.218358	0.218358	0.218358	0.218358	0.218358	0.218358	0.218358	0.218358	0.218358	0.218358	0.218356	0.218352	0.218336	0.218291	0.218166	0.217849	0.217114	0.215536	0.212404	0.20666	0.196907	0.181572	0.159229	0.12905	0.0912499	0.0473338	0	
0	0.0912499	0.175904	0.248757	0.306907	0.349946	0.379473	0.398241	0.409289	0.415307	0.418338	0.419749	0.420354	0.420594	0.420681	0.420711	0.42072	0.420722	0.420723	0.420723	0.420723	0.420723	0.420723	0.420723	0.420723	0.420723	0.420723	0.420723	0.420723	0.420723	0.420723	0.420723	0.420723	0.420723	0.420723	0.420723	0.420723	0.420723	0.420723	0.420723	0.420723	0.420723	0.420722	0.42072	0.420711	0.420681	0.420594	0.420354	0.419749	0.418338	0.415307	0.409289	0.398241	0.379473	0.349946	0.306907	0.248757	0.175904	0.0912499	0	
0	0.12905	0.248757	0.35175	0.433928	0.494719	0.536398	0.56287	0.578438	0.586909	0.591171	0.593151	0.594	0.594335	0.594457	0.594497	0.59451	0.594513	0.594514	0.594514	0.594514	0.594515	0.594515	0.594515	0.594515	0.594515	0.594515	0.594515	0.594515	0.594515	0.594515	0.594515	0.594515	0.594515	0.594515	0.594515	0.594515	0.594515	0.594515	0.594514	0.594514	0.594514	0.594513	0.59451	0.594497	0.594457	0.594335	0.594	0.593151	0.591171	0.586909	0.578438	0.56287	0.536398	0.494719	0.433928	0.35175	0.248757	0.12905	0	
0	0.159229	0.306907	0.433928	0.535229	0.610121	0.661427	0.693982	0.713106	0.723497	0.728717	0.731138	0.732174	0.732582	0.73273	0.732779	0.732794	0.732799	0.7328	0.7328	0.7328	0.7328	0.7328	0.7328	0.7328	0.7328	0.7328	0.7328	0.7328	0.7328	0.7328	0.7328	0.7328	0.7328	0.7328	0.7328	0.7328	0.7328	0.7328	0.7328	0.7328	0.7328	0.732799	0.732794	0.732779	0.73273	0.732582	0.732174	0.731138	0.728717	0.723497	0.713106	0.693982	0.661427	0.610121	0.535229	0.433928	0.306907	0.159229	0	
0	0.181572	0.349946	0.494719	0.610121	0.695379	0.753738	0.790731	0.812434	0.824211	0.830117	0.832851	0.834018	0.834477	0.834643	0.834699	0.834715	0.83472	0.834721	0.834721	0.834721	0.834721	0.834721	0.834721	0.834721	0.834721	0.834721	0.834721	0.834721	0.834721	0.834721	0.834721	0.834721	0.834721	0.834721	0.834721	0.834721	0.834721	0.834721	0.834721	0.834721	0.834721	0.83472	0.834715	0.834699	0.834643	0.834477	0.834018	0.832851	0.830117	0.824211	0.812434	0.790731	0.753738	0.695379	0.610121	0.494719	0.349946	0.181572	0	
0	0.196907	0.379473	0.536398	0.661427	0.753738	0.816873	0.856854	0.880284	0.89298	0.899337	0.902275	0.903527	0.904019	0.904196	0.904254	0.904272	0.904277	0.904278	0.904279	0.904279	0.904279	0.904279	0.904279	0.904279	0.904279	0.904279	0.904279	0.904279	0.904279	0.904279	0.904279	0.904279	0.904279	0.904279	0.904279	0.904279	0.904279	0.904279	0.904279	0.904279	0.904278	0.904277	0.904272	0.904254	0.904196	0.904019	0.903527	0.902275	0.899337	0.89298	0.880284	0.856854	0.816873	0.753738	0.661427	0.536398	0.379473	0.196907	0	
0	0.20666	0.398241	0.56287	0.693982	0.790731	0.856854	0.898693	0.923186	0.936444	0.943073	0.946133	0.947434	0.947944	0.948128	0.948188	0.948207	0.948212	0.948213	0.948213	0.948213	0.948213	0.948213	0.948213	0.948213	0.948213	0.948213	0.948213	0.948213	0.948213	0.948213	0.948213	0.948213	0.948213	0.948213	0.948213	0.948213	0.948213	0.948213	0.948213	0.948213	0.948213	0.948212	0.948207	0.948188	0.948128	0.947944	0.947434	0.946133	0.943073	0.936444	0.923186	0.898693	0.856854	0.790731	0.693982	0.56287	0.398241	0.20666	0	
0	0.212404	0.409289	0.578438	0.713106	0.812434	0.880284	0.923186	0.948283	0.961855	0.968636	0.971761	0.97309	0.973609	0.973796	0.973858	0.973876	0.973881	0.973883	0.973883	0.973883	0.973883	0.973883	0.973883	0.973883	0.973883	0.973883	0.973883	0.973883	0.973883	0.973883	0.973883	0.973883	0.973883	0.973883	0.973883	0.973883	0.973883	0.973883	0.973883	0.973883	0.973883	0.973881	0.973876	0.973858	0.973796	0.973609	0.97309	0.971761	0.968636	0.961855	0.948283	0.923186	0.880284	0.812434	0.713106	0.578438	0.409289	0.212404	0	
0	0.215536	0.415307	0.586909	0.723497	0.824211	0.89298	0.936444	0.961855	0.97559	0.982447	0.985605	0.986946	0.987471	0.987659	0.987721	0.98774	0.987745	0.987746	0.987746	0.987746	0.987747	0.987747	0.987747	0.987747	0.987747	0.987747	0.987747	0.987747	0.987747	0.987747	0.987747	0.987747	0.987747	0.987747	0.987747	0.987747	0.987747	0.987747	0.987746	0.987746	0.987746	0.987745	0.98774	0.987721	0.987659	0.987471	0.986946	0.985605	0.982447	0.97559	0.961855	0.936444	0.89298	0.824211	0.723497	0.586909	0.415307	0.215536	0	
0	0.217114	0.418338	0.591171	0.728717	0.830117	0.899337	0.943073	0.968636	0.982447	0.989339	0.992512	0.993859	0.994385	0.994574	0.994636	0.994655	0.99466	0.994662	0.994662	0.994662	0.994662	0.994662	0.994662	0.994662	0.994662	0.994662	0.994662	0.994662	0.994662	0.994662	0.994662	0.994662	0.994662	0.994662	0.994662	0.994662	0.994662	0.994662	0.994662	0.994662	0.994662	0.99466	0.994655	0.994636	0.994574	0.994385	0.993859	0.992512	0.989339	0.982447	0.968636	0.943073	0.899337	0.830117	0.728717	0.591171	0.418338	0.217114	0	
0	0.217849	0.419749	0.593151	0.731138	0.832851	0.902275	0.946133	0.971761	0.985605	0.992512	0.995692	0.997041	0.997568	0.997757	0.997819	0.997838	0.997843	0.997845	0.997845	0.997845	0.997845	0.997845	0.997845	0.997845	0.997845	0.997845	0.997845	0.997845	0.997845	0.997845	0.997845	0.997845	0.997845	0.997845	0.997845	0.997845	0.997845	0.997845	0.997845	0.997845	0.997845	0.997843	0.997838	0.997819	0.997757	0.997568	0.997041	0.995692	0.992512	0.985605	0.971761	0.946133	0.902275	0.832851	0.731138	0.593151	0.419749	0.217849	0	
0	0.218166	0.420354	0.594	0.732174	0.834018	0.903527	0.947434	0.97309	0.986946	0.993859	0.997041	0.998391	0.998918	0.999108	0.99917	0.999189	0.999194	0.999195	0.999195	0.999195	0.999195	0.999195	0.999195	0.999195	0.999195	0.999195	0.999195	0.999195	0.999195	0.999195	0.999195	0.999195	0.999195	0.999195	0.999195	0.999195	0.999195	0.999195	0.999195	0.999195	0.999195	0.999194	0.999189	0.99917	0.999108	0.998918	0.998391	0.997041	0.993859	0.986946	0.97309	0.947434	0.903527	0.834018	0.732174	0.594	0.420354	0.218166	0	
0	0.218291	0.420594	0.594335	0.732582	0.834477	0.904019	0.947944	0.973609	0.987471	0.994385	0.997568	0.998918	0.999446	0.999635	0.999697	0.999716	0.999721	0.999722	0.999723	0.999723	0.999723	0.999723	0.999723	0.999723	0.999723	0.999723	0.999723	0.999723	0.999723	0.999723	0.999723	0.999723	0.999723	0.999723	0.999723	0.999723	0.999723	0.999723	0.999723	0.999723	0.999722	0.999721	0.999716	0.999697	0.999635	0.999446	0.998918	0.997568	0.994385	0.987471	0.973609	0.947944	0.904019	0.834477	0.732582	0.594335	0.420594	0.218291	0	
0	0.218336	0.420681	0.594457	0.73273	0.834643	0.904196	0.948128	0.973796	0.987659	0.994574	0.997757	0.999108	0.999635	0.999824	0.999886	0.999905	0.99991	0.999912	0.999912	0.999912	0.999912	0.999912	0.999912	0.999912	0.999912	0.999912	0.999912	0.999912	0.999912	0.999912	0.999912	0.999912	0.999912	0.999912	0.999912	0.999912	0.999912	0.999912	0.999912	0.999912	0.999912	0.99991	0.999905	0.999886	0.999824	0.999635	0.999108	0.997757	0.994574	0.987659	0.973796	0.948128	0.904196	0.834643	0.73273	0.594457	0.420681	0.218336	0	
0	0.218352	0.420711	0.594497	0.732779	0.834699	0.904254	0.948188	0.973858	0.987721	0.994636	0.997819	0.99917	0.999697	0.999886	0.999949	0.999968	0.999973	0.999974	0.999974	0.999974	0.999974	0.999974	0.999974	0.999974	0.999974	0.999974	0.999974	0.999974	0.999974	0.999974	0.999974	0.999974	0.999974	0.999974	0.999974	0.999974	0.999974	0.999974	0.999974	0.999974	0.999974	0.999973	0.999968	0.999949	0.999886	0.999697	0.99917	0.997819	0.994636	0.987721	0.973858	0.948188	0.904254	0.834699	0.732779	0.594497	0.420711	0.218352	0	
0	0.218356	0.42072	0.59451	0.732794	0.834715	0.904272	0.948207	0.973876	0.98774	0.994655	0.997838	0.999189	0.999716	0.999905	0.999968	0.999986	0.999991	0.999993	0.999993	0.999993	0.999993	0.999993	0.999993	0.999993	0.999993	0.999993	0.999993	0.999993	0.999993	0.999993	0.999993	0.999993	0.999993	0.999993	0.999993	0.999993	0.999993	0.999993	0.999993	0.999993	0.999993	0.999991	0.999986	0.999968	0.999905	0.999716	0.999189	0.997838	0.994655	0.98774	0.973876	0.948207	0.904272	0.834715	0.732794	0.59451	0.42072	0.218356	0	
0	0.218358	0.420722	0.594513	0.732799	0.83472	0.904277	0.948212	0.973881	0.987745	0.99466	0.997843	0.999194	0.999721	0.99991	0.999973	0.999991	0.999997	0.999998	0.999998	0.999998	0.999998	0.999998	0.999998	0.999998	0.999998	0.999998	0.999998	0.999998	0.999998	0.999998	0.999998	0.999998	0.999998	0.999998	0.999998	0.999998	0.999998	0.999998	0.999998	0.999998	0.999998	0.999997	0.999991	0.999973	0.99991	0.999721	0.999194	0.997843	0.99466	0.987745	0.973881	0.948212	0.904277	0.83472	0.732799	0.594513	0.420722	0.218358	0	
0	0.218358	0.420723	0.594514	0.7328	0.834721	0.904278	0.948213	0.973883	0.987746	0.994662	0.997845	0.999195	0.999722	0.999912	0.999974	0.999993	0.999998	0.999999	1	1	1	1	1	1	1	1	1	1	1	1	1	1	1	1	1	1	1	1	1	1	0.999999	0.999998	0.999993	0.999974	0.999912	0.999722	0.999195	0.997845	0.994662	0.987746	0.973883	0.948213	0.904278	0.834721	0.7328	0.594514	0.420723	0.218358	0	
0	0.218358	0.420723	0.594514	0.7328	0.834721	0.904279	0.948213	0.973883	0.987746	0.994662	0.997845	0.999195	0.999723	0.999912	0.999974	0.999993	0.999998	1	1	1	1	1	1	1	1	1	1	1	1	1	1	1	1	1	1	1	1	1	1	1	1	0.999998	0.999993	0.999974	0.999912	0.999723	0.999195	0.997845	0.994662	0.987746	0.973883	0.948213	0.904279	0.834721	0.7328	0.594514	0.420723	0.218358	0	
0	0.218358	0.420723	0.594514	0.7328	0.834721	0.904279	0.948213	0.973883	0.987746	0.994662	0.997845	0.999195	0.999723	0.999912	0.999974	0.999993	0.999998	1	1	1	1	1	1	1	1	1	1	1	1	1	1	1	1	1	1	1	1	1	1	1	1	0.999998	0.999993	0.999974	0.999912	0.999723	0.999195	0.997845	0.994662	0.987746	0.973883	0.948213	0.904279	0.834721	0.7328	0.594514	0.420723	0.218358	0	
0	0.218358	0.420723	0.594515	0.7328	0.834721	0.904279	0.948213	0.973883	0.987747	0.994662	0.997845	0.999195	0.999723	0.999912	0.999974	0.999993	0.999998	1	1	1	1	1	1	1	1	1	1	1	1	1	1	1	1	1	1	1	1	1	1	1	1	0.999998	0.999993	0.999974	0.999912	0.999723	0.999195	0.997845	0.994662	0.987747	0.973883	0.948213	0.904279	0.834721	0.7328	0.594515	0.420723	0.218358	0	
0	0.218358	0.420723	0.594515	0.7328	0.834721	0.904279	0.948213	0.973883	0.987747	0.994662	0.997845	0.999195	0.999723	0.999912	0.999974	0.999993	0.999998	1	1	1	1	1	1	1	1	1	1	1	1	1	1	1	1	1	1	1	1	1	1	1	1	0.999998	0.999993	0.999974	0.999912	0.999723	0.999195	0.997845	0.994662	0.987747	0.973883	0.948213	0.904279	0.834721	0.7328	0.594515	0.420723	0.218358	0	
0	0.218358	0.420723	0.594515	0.7328	0.834721	0.904279	0.948213	0.973883	0.987747	0.994662	0.997845	0.999195	0.999723	0.999912	0.999974	0.999993	0.999998	1	1	1	1	1	1	1	1	1	1	1	1	1	1	1	1	1	1	1	1	1	1	1	1	0.999998	0.999993	0.999974	0.999912	0.999723	0.999195	0.997845	0.994662	0.987747	0.973883	0.948213	0.904279	0.834721	0.7328	0.594515	0.420723	0.218358	0	
0	0.218358	0.420723	0.594515	0.7328	0.834721	0.904279	0.948213	0.973883	0.987747	0.994662	0.997845	0.999195	0.999723	0.999912	0.999974	0.999993	0.999998	1	1	1	1	1	1	1	1	1	1	1	1	1	1	1	1	1	1	1	1	1	1	1	1	0.999998	0.999993	0.999974	0.999912	0.999723	0.999195	0.997845	0.994662	0.987747	0.973883	0.948213	0.904279	0.834721	0.7328	0.594515	0.420723	0.218358	0	
0	0.218358	0.420723	0.594515	0.7328	0.834721	0.904279	0.948213	0.973883	0.987747	0.994662	0.997845	0.999195	0.999723	0.999912	0.999974	0.999993	0.999998	1	1	1	1	1	1	1	1	1	1	1	1	1	1	1	1	1	1	1	1	1	1	1	1	0.999998	0.999993	0.999974	0.999912	0.999723	0.999195	0.997845	0.994662	0.987747	0.973883	0.948213	0.904279	0.834721	0.7328	0.594515	0.420723	0.218358	0	
0	0.218358	0.420723	0.594515	0.7328	0.834721	0.904279	0.948213	0.973883	0.987747	0.994662	0.997845	0.999195	0.999723	0.999912	0.999974	0.999993	0.999998	1	1	1	1	1	1	1	1	1	1	1	1	1	1	1	1	1	1	1	1	1	1	1	1	0.999998	0.999993	0.999974	0.999912	0.999723	0.999195	0.997845	0.994662	0.987747	0.973883	0.948213	0.904279	0.834721	0.7328	0.594515	0.420723	0.218358	0	
0	0.218358	0.420723	0.594515	0.7328	0.834721	0.904279	0.948213	0.973883	0.987747	0.994662	0.997845	0.999195	0.999723	0.999912	0.999974	0.999993	0.999998	1	1	1	1	1	1	1	1	1	1	1	1	1	1	1	1	1	1	1	1	1	1	1	1	0.999998	0.999993	0.999974	0.999912	0.999723	0.999195	0.997845	0.994662	0.987747	0.973883	0.948213	0.904279	0.834721	0.7328	0.594515	0.420723	0.218358	0	
0	0.218358	0.420723	0.594515	0.7328	0.834721	0.904279	0.948213	0.973883	0.987747	0.994662	0.997845	0.999195	0.999723	0.999912	0.999974	0.999993	0.999998	1	1	1	1	1	1	1	1	1	1	1	1	1	1	1	1	1	1	1	1	1	1	1	1	0.999998	0.999993	0.999974	0.999912	0.999723	0.999195	0.997845	0.994662	0.987747	0.973883	0.948213	0.904279	0.834721	0.7328	0.594515	0.420723	0.218358	0	
0	0.218358	0.420723	0.594514	0.7328	0.834721	0.904279	0.948213	0.973883	0.987746	0.994662	0.997845	0.999195	0.999723	0.999912	0.999974	0.999993	0.999998	1	1	1	1	1	1	1	1	1	1	1	1	1	1	1	1	1	1	1	1	1	1	1	1	0.999998	0.999993	0.999974	0.999912	0.999723	0.999195	0.997845	0.994662	0.987746	0.973883	0.948213	0.904279	0.834721	0.7328	0.594514	0.420723	0.218358	0	
0	0.218358	0.420723	0.594514	0.7328	0.834721	0.904279	0.948213	0.973883	0.987746	0.994662	0.997845	0.999195	0.999723	0.999912	0.999974	0.999993	0.999998	1	1	1	1	1	1	1	1	1	1	1	1	1	1	1	1	1	1	1	1	1	1	1	1	0.999998	0.999993	0.999974	0.999912	0.999723	0.999195	0.997845	0.994662	0.987746	0.973883	0.948213	0.904279	0.834721	0.7328	0.594514	0.420723	0.218358	0	
0	0.218358	0.420723	0.594514	0.7328	0.834721	0.904278	0.948213	0.973883	0.987746	0.994662	0.997845	0.999195	0.999722	0.999912	0.999974	0.999993	0.999998	0.999999	1	1	1	1	1	1	1	1	1	1	1	1	1	1	1	1	1	1	1	1	1	1	0.999999	0.999998	0.999993	0.999974	0.999912	0.999722	0.999195	0.997845	0.994662	0.987746	0.973883	0.948213	0.904278	0.834721	0.7328	0.594514	0.420723	0.218358	0	
0	0.218358	0.420722	0.594513	0.732799	0.83472	0.904277	0.948212	0.973881	0.987745	0.99466	0.997843	0.999194	0.999721	0.99991	0.999973	0.999991	0.999997	0.999998	0.999998	0.999998	0.999998	0.999998	0.999998	0.999998	0.999998	0.999998	0.999998	0.999998	0.999998	0.999998	0.999998	0.999998	0.999998	0.999998	0.999998	0.999998	0.999998	0.999998	0.999998	0.999998	0.999998	0.999997	0.999991	0.999973	0.99991	0.999721	0.999194	0.997843	0.99466	0.987745	0.973881	0.948212	0.904277	0.83472	0.732799	0.594513	0.420722	0.218358	0	
0	0.218356	0.42072	0.59451	0.732794	0.834715	0.904272	0.948207	0.973876	0.98774	0.994655	0.997838	0.999189	0.999716	0.999905	0.999968	0.999986	0.999991	0.999993	0.999993	0.999993	0.999993	0.999993	0.999993	0.999993	0.999993	0.999993	0.999993	0.999993	0.999993	0.999993	0.999993	0.999993	0.999993	0.999993	0.999993	0.999993	0.999993	0.999993	0.999993	0.999993	0.999993	0.999991	0.999986	0.999968	0.999905	0.999716	0.999189	0.997838	0.994655	0.98774	0.973876	0.948207	0.904272	0.834715	0.732794	0.59451	0.42072	0.218356	0	
0	0.218352	0.420711	0.594497	0.732779	0.834699	0.904254	0.948188	0.973858	0.987721	0.994636	0.997819	0.99917	0.999697	0.999886	0.999949	0.999968	0.999973	0.999974	0.999974	0.999974	0.999974	0.999974	0.999974	0.999974	0.999974	0.999974	0.999974	0.999974	0.999974	0.999974	0.999974	0.999974	0.999974	0.999974	0.999974	0.999974	0.999974	0.999974	0.999974	0.999974	0.999974	0.999973	0.999968	0.999949	0.999886	0.999697	0.99917	0.997819	0.994636	0.987721	0.973858	0.948188	0.904254	0.834699	0.732779	0.594497	0.420711	0.218352	0	
0	0.218336	0.420681	0.594457	0.73273	0.834643	0.904196	0.948128	0.973796	0.987659	0.994574	0.997757	0.999108	0.999635	0.999824	0.999886	0.999905	0.99991	0.999912	0.999912	0.999912	0.999912	0.999912	0.999912	0.999912	0.999912	0.999912	0.999912	0.999912	0.999912	0.999912	0.999912	0.999912	0.999912	0.999912	0.999912	0.999912	0.999912	0.999912	0.999912	0.999912	0.999912	0.99991	0.999905	0.999886	0.999824	0.999635	0.999108	0.997757	0.994574	0.987659	0.973796	0.948128	0.904196	0.834643	0.73273	0.594457	0.420681	0.218336	0	
0	0.218291	0.420594	0.594335	0.732582	0.834477	0.904019	0.947944	0.973609	0.987471	0.994385	0.997568	0.998918	0.999446	0.999635	0.999697	0.999716	0.999721	0.999722	0.999723	0.999723	0.999723	0.999723	0.999723	0.999723	0.999723	0.999723	0.999723	0.999723	0.999723	0.999723	0.999723	0.999723	0.999723	0.999723	0.999723	0.999723	0.999723	0.999723	0.999723	0.999723	0.999722	0.999721	0.999716	0.999697	0.999635	0.999446	0.998918	0.997568	0.994385	0.987471	0.973609	0.947944	0.904019	0.834477	0.732582	0.594335	0.420594	0.218291	0	
0	0.218166	0.420354	0.594	0.732174	0.834018	0.903527	0.947434	0.97309	0.986946	0.993859	0.997041	0.998391	0.998918	0.999108	0.99917	0.999189	0.999194	0.999195	0.999195	0.999195	0.999195	0.999195	0.999195	0.999195	0.999195	0.999195	0.999195	0.999195	0.999195	0.999195	0.999195	0.999195	0.999195	0.999195	0.999195	0.999195	0.999195	0.999195	0.999195	0.999195	0.999195	0.999194	0.999189	0.99917	0.999108	0.998918	0.998391	0.997041	0.993859	0.986946	0.97309	0.947434	0.903527	0.834018	0.732174	0.594	0.420354	0.218166	0	
0	0.217849	0.419749	0.593151	0.731138	0.832851	0.902275	0.946133	0.971761	0.985605	0.992512	0.995692	0.997041	0.997568	0.997757	0.997819	0.997838	0.997843	0.997845	0.997845	0.997845	0.997845	0.997845	0.997845	0.997845	0.997845	0.997845	0.997845	0.997845	0.997845	0.997845	0.997845	0.997845	0.997845	0.997845	0.997845	0.997845	0.997845	0.997845	0.997845	0.997845	0.997845	0.997843	0.997838	0.997819	0.997757	0.997568	0.997041	0.995692	0.992512	0.985605	0.971761	0.946133	0.902275	0.832851	0.731138	0.593151	0.419749	0.217849	0	
0	0.217114	0.418338	0.591171	0.728717	0.830117	0.899337	0.943073	0.968636	0.982447	0.989339	0.992512	0.993859	0.994385	0.994574	0.994636	0.994655	0.99466	0.994662	0.994662	0.994662	0.994662	0.994662	0.994662	0.994662	0.994662	0.994662	0.994662	0.994662	0.994662	0.994662	0.994662	0.994662	0.994662	0.994662	0.994662	0.994662	0.994662	0.994662	0.994662	0.994662	0.994662	0.99466	0.994655	0.994636	0.994574	0.994385	0.993859	0.992512	0.989339	0.982447	0.968636	0.943073	0.899337	0.830117	0.728717	0.591171	0.418338	0.217114	0	
0	0.215536	0.415307	0.586909	0.723497	0.824211	0.89298	0.936444	0.961855	0.97559	0.982447	0.985605	0.986946	0.987471	0.987659	0.987721	0.98774	0.987745	0.987746	0.987746	0.987746	0.987747	0.987747	0.987747	0.987747	0.987747	0.987747	0.987747	0.987747	0.987747	0.987747	0.987747	0.987747	0.987747	0.987747	0.987747	0.987747	0.987747	0.987747	0.987746	0.987746	0.987746	0.987745	0.98774	0.987721	0.987659	0.987471	0.986946	0.985605	0.982447	0.97559	0.961855	0.936444	0.89298	0.824211	0.723497	0.586909	0.415307	0.215536	0	
0	0.212404	0.409289	0.578438	0.713106	0.812434	0.880284	0.923186	0.948283	0.961855	0.968636	0.971761	0.97309	0.973609	0.973796	0.973858	0.973876	0.973881	0.973883	0.973883	0.973883	0.973883	0.973883	0.973883	0.973883	0.973883	0.973883	0.973883	0.973883	0.973883	0.973883	0.973883	0.973883	0.973883	0.973883	0.973883	0.973883	0.973883	0.973883	0.973883	0.973883	0.973883	0.973881	0.973876	0.973858	0.973796	0.973609	0.97309	0.971761	0.968636	0.961855	0.948283	0.923186	0.880284	0.812434	0.713106	0.578438	0.409289	0.212404	0	
0	0.20666	0.398241	0.56287	0.693982	0.790731	0.856854	0.898693	0.923186	0.936444	0.943073	0.946133	0.947434	0.947944	0.948128	0.948188	0.948207	0.948212	0.948213	0.948213	0.948213	0.948213	0.948213	0.948213	0.948213	0.948213	0.948213	0.948213	0.948213	0.948213	0.948213	0.948213	0.948213	0.948213	0.948213	0.948213	0.948213	0.948213	0.948213	0.948213	0.948213	0.948213	0.948212	0.948207	0.948188	0.948128	0.947944	0.947434	0.946133	0.943073	0.936444	0.923186	0.898693	0.856854	0.790731	0.693982	0.56287	0.398241	0.20666	0	
0	0.196907	0.379473	0.536398	0.661427	0.753738	0.816873	0.856854	0.880284	0.89298	0.899337	0.902275	0.903527	0.904019	0.904196	0.904254	0.904272	0.904277	0.904278	0.904279	0.904279	0.904279	0.904279	0.904279	0.904279	0.904279	0.904279	0.904279	0.904279	0.904279	0.904279	0.904279	0.904279	0.904279	0.904279	0.904279	0.904279	0.904279	0.904279	0.904279	0.904279	0.904278	0.904277	0.904272	0.904254	0.904196	0.904019	0.903527	0.902275	0.899337	0.89298	0.880284	0.856854	0.816873	0.753738	0.661427	0.536398	0.379473	0.196907	0	
0	0.181572	0.349946	0.494719	0.610121	0.695379	0.753738	0.790731	0.812434	0.824211	0.830117	0.832851	0.834018	0.834477	0.834643	0.834699	0.834715	0.83472	0.834721	0.834721	0.834721	0.834721	0.834721	0.834721	0.834721	0.834721	0.834721	0.834721	0.834721	0.834721	0.834721	0.834721	0.834721	0.834721	0.834721	0.834721	0.834721	0.834721	0.834721	0.834721	0.834721	0.834721	0.83472	0.834715	0.834699	0.834643	0.834477	0.834018	0.832851	0.830117	0.824211	0.812434	0.790731	0.753738	0.695379	0.610121	0.494719	0.349946	0.181572	0	
0	0.159229	0.306907	0.433928	0.535229	0.610121	0.661427	0.693982	0.713106	0.723497	0.728717	0.731138	0.732174	0.732582	0.73273	0.732779	0.732794	0.732799	0.7328	0.7328	0.7328	0.7328	0.7328	0.7328	0.7328	0.7328	0.7328	0.7328	0.7328	0.7328	0.7328	0.7328	0.7328	0.7328	0.7328	0.7328	0.7328	0.7328	0.7328	0.7328	0.7328	0.7328	0.732799	0.732794	0.732779	0.73273	0.732582	0.732174	0.731138	0.728717	0.723497	0.713106	0.693982	0.661427	0.610121	0.535229	0.433928	0.306907	0.159229	0	
0	0.12905	0.248757	0.35175	0.433928	0.494719	0.536398	0.56287	0.578438	0.586909	0.591171	0.593151	0.594	0.594335	0.594457	0.594497	0.59451	0.594513	0.594514	0.594514	0.594514	0.594515	0.594515	0.594515	0.594515	0.594515	0.594515	0.594515	0.594515	0.594515	0.594515	0.594515	0.594515	0.594515	0.594515	0.594515	0.594515	0.594515	0.594515	0.594514	0.594514	0.594514	0.594513	0.59451	0.594497	0.594457	0.594335	0.594	0.593151	0.591171	0.586909	0.578438	0.56287	0.536398	0.494719	0.433928	0.35175	0.248757	0.12905	0	
0	0.0912499	0.175904	0.248757	0.306907	0.349946	0.379473	0.398241	0.409289	0.415307	0.418338	0.419749	0.420354	0.420594	0.420681	0.420711	0.42072	0.420722	0.420723	0.420723	0.420723	0.420723	0.420723	0.420723	0.420723	0.420723	0.420723	0.420723	0.420723	0.420723	0.420723	0.420723	0.420723	0.420723	0.420723	0.420723	0.420723	0.420723	0.420723	0.420723	0.420723	0.420723	0.420722	0.42072	0.420711	0.420681	0.420594	0.420354	0.419749	0.418338	0.415307	0.409289	0.398241	0.379473	0.349946	0.306907	0.248757	0.175904	0.0912499	0	
0	0.0473338	0.0912499	0.12905	0.159229	0.181572	0.196907	0.20666	0.212404	0.215536	0.217114	0.217849	0.218166	0.218291	0.218336	0.218352	0.218356	0.218358	0.218358	0.218358	0.218358	0.218358	0.218358	0.218358	0.218358	0.218358	0.218358	0.218358	0.218358	0.218358	0.218358	0.218358	0.218358	0.218358	0.218358	0.218358	0.218358	0.218358	0.218358	0.218358	0.218358	0.218358	0.218358	0.218356	0.218352	0.218336	0.218291	0.218166	0.217849	0.217114	0.215536	0.212404	0.20666	0.196907	0.181572	0.159229	0.12905	0.0912499	0.0473338	0	
0	0	0	0	0	0	0	0	0	0	0	0	0	0	0	0	0	0	0	0	0	0	0	0	0	0	0	0	0	0	0	0	0	0	0	0	0	0	0	0	0	0	0	0	0	0	0	0	0	0	0	0	0	0	0	0	0	0	0	0	
