0	0	0	0	0	0	0	0	0	0	0	0	0	0	0	0	0	0	0	0	0	0	0	0	0	0	0	0	0	0	0	0	0	0	0	0	0	0	0	0	0	0	0	0	0	0	0	0	0	0	0	0	0	0	0	0	0	0	0	0	
0	0.0213274	0.0419498	0.0612311	0.0786622	0.093899	0.106776	0.117299	0.125611	0.13196	0.136647	0.139991	0.142298	0.143835	0.144826	0.145442	0.145813	0.146029	0.146149	0.146215	0.146249	0.146266	0.146275	0.146279	0.146281	0.146281	0.146282	0.146282	0.146282	0.146282	0.146282	0.146282	0.146282	0.146282	0.146281	0.146281	0.146279	0.146275	0.146266	0.146249	0.146215	0.146149	0.146029	0.145813	0.145442	0.144826	0.143835	0.142298	0.139991	0.136647	0.13196	0.125611	0.117299	0.106776	0.093899	0.0786622	0.0612311	0.0419498	0.0213274	0	
0	0.0419498	0.0825126	0.120437	0.154721	0.184689	0.210015	0.230709	0.247056	0.259539	0.268755	0.275331	0.279866	0.282888	0.284835	0.286047	0.286775	0.287198	0.287436	0.287564	0.287632	0.287666	0.287682	0.28769	0.287693	0.287695	0.287696	0.287696	0.287696	0.287696	0.287696	0.287696	0.287696	0.287696	0.287695	0.287693	0.28769	0.287682	0.287666	0.287632	0.287564	0.287436	0.287198	0.286775	0.286047	0.284835	0.282888	0.279866	0.275331	0.268755	0.259539	0.247056	0.230709	0.210015	0.184689	0.154721	0.120437	0.0825126	0.0419498	0	
0	0.0612311	0.120437	0.17579	0.225829	0.269566	0.306526	0.336723	0.360576	0.378789	0.392233	0.401825	0.408439	0.412846	0.415685	0.417451	0.418513	0.419129	0.419475	0.419663	0.41976	0.41981	0.419834	0.419845	0.419851	0.419853	0.419854	0.419854	0.419854	0.419854	0.419854	0.419854	0.419854	0.419854	0.419853	0.419851	0.419845	0.419834	0.41981	0.41976	0.419663	0.419475	0.419129	0.418513	0.417451	0.415685	0.412846	0.408439	0.401825	0.392233	0.378789	0.360576	0.336723	0.306526	0.269566	0.225829	0.17579	0.120437	0.0612311	0	
0	0.0786622	0.154721	0.225829	0.290107	0.346285	0.393756	0.432537	0.463166	0.48655	0.503809	0.51612	0.524608	0.530263	0.533904	0.53617	0.537531	0.538321	0.538764	0.539004	0.53913	0.539193	0.539224	0.539238	0.539245	0.539248	0.539249	0.53925	0.53925	0.53925	0.53925	0.53925	0.53925	0.539249	0.539248	0.539245	0.539238	0.539224	0.539193	0.53913	0.539004	0.538764	0.538321	0.537531	0.53617	0.533904	0.530263	0.524608	0.51612	0.503809	0.48655	0.463166	0.432537	0.393756	0.346285	0.290107	0.225829	0.154721	0.0786622	0	
0	0.093899	0.184689	0.269566	0.346285	0.413332	0.469982	0.516256	0.552798	0.580693	0.601277	0.615957	0.626076	0.632817	0.637156	0.639854	0.641475	0.642416	0.642944	0.643229	0.643378	0.643453	0.64349	0.643507	0.643515	0.643519	0.64352	0.643521	0.643521	0.643521	0.643521	0.643521	0.643521	0.64352	0.643519	0.643515	0.643507	0.64349	0.643453	0.643378	0.643229	0.642944	0.642416	0.641475	0.639854	0.637156	0.632817	0.626076	0.615957	0.601277	0.580693	0.552798	0.516256	0.469982	0.413332	0.346285	0.269566	0.184689	0.093899	0	
0	0.106776	0.210015	0.306526	0.393756	0.469982	0.53438	0.586977	0.628506	0.660203	0.683587	0.700261	0.711752	0.719404	0.724328	0.72739	0.729228	0.730295	0.730893	0.731216	0.731385	0.73147	0.731512	0.731531	0.73154	0.731544	0.731545	0.731546	0.731546	0.731546	0.731546	0.731546	0.731546	0.731545	0.731544	0.73154	0.731531	0.731512	0.73147	0.731385	0.731216	0.730893	0.730295	0.729228	0.72739	0.724328	0.719404	0.711752	0.700261	0.683587	0.660203	0.628506	0.586977	0.53438	0.469982	0.393756	0.306526	0.210015	0.106776	0	
0	0.117299	0.230709	0.336723	0.432537	0.516256	0.586977	0.644731	0.690325	0.725117	0.75078	0.769075	0.781679	0.790071	0.795469	0.798825	0.800839	0.802007	0.802662	0.803015	0.8032	0.803293	0.803339	0.80336	0.80337	0.803374	0.803375	0.803376	0.803376	0.803377	0.803377	0.803376	0.803376	0.803375	0.803374	0.80337	0.80336	0.803339	0.803293	0.8032	0.803015	0.802662	0.802007	0.800839	0.798825	0.795469	0.790071	0.781679	0.769075	0.75078	0.725117	0.690325	0.644731	0.586977	0.516256	0.432537	0.336723	0.230709	0.117299	0	
0	0.125611	0.247056	0.360576	0.463166	0.552798	0.628506	0.690325	0.739119	0.776348	0.803802	0.823369	0.836847	0.845818	0.851587	0.855172	0.857323	0.858571	0.859269	0.859646	0.859843	0.859943	0.859991	0.860013	0.860024	0.860028	0.86003	0.860031	0.860031	0.860031	0.860031	0.860031	0.860031	0.86003	0.860028	0.860024	0.860013	0.859991	0.859943	0.859843	0.859646	0.859269	0.858571	0.857323	0.855172	0.851587	0.845818	0.836847	0.823369	0.803802	0.776348	0.739119	0.690325	0.628506	0.552798	0.463166	0.360576	0.247056	0.125611	0	
0	0.13196	0.259539	0.378789	0.48655	0.580693	0.660203	0.725117	0.776348	0.815428	0.844243	0.864776	0.878915	0.888324	0.894373	0.898131	0.900385	0.901692	0.902423	0.902818	0.903024	0.903128	0.903178	0.903202	0.903212	0.903217	0.903219	0.90322	0.90322	0.90322	0.90322	0.90322	0.90322	0.903219	0.903217	0.903212	0.903202	0.903178	0.903128	0.903024	0.902818	0.902423	0.901692	0.900385	0.898131	0.894373	0.888324	0.878915	0.864776	0.844243	0.815428	0.776348	0.725117	0.660203	0.580693	0.48655	0.378789	0.259539	0.13196	0	
0	0.136647	0.268755	0.392233	0.503809	0.601277	0.683587	0.75078	0.803802	0.844243	0.874055	0.895295	0.909919	0.919647	0.9259	0.929783	0.932112	0.933462	0.934217	0.934625	0.934837	0.934944	0.934996	0.935021	0.935032	0.935036	0.935038	0.935039	0.93504	0.93504	0.93504	0.93504	0.935039	0.935038	0.935036	0.935032	0.935021	0.934996	0.934944	0.934837	0.934625	0.934217	0.933462	0.932112	0.929783	0.9259	0.919647	0.909919	0.895295	0.874055	0.844243	0.803802	0.75078	0.683587	0.601277	0.503809	0.392233	0.268755	0.136647	0	
0	0.139991	0.275331	0.401825	0.51612	0.615957	0.700261	0.769075	0.823369	0.864776	0.895295	0.917035	0.932	0.941954	0.948351	0.952322	0.954703	0.956083	0.956854	0.957271	0.957488	0.957597	0.95765	0.957675	0.957686	0.957691	0.957693	0.957694	0.957694	0.957694	0.957694	0.957694	0.957694	0.957693	0.957691	0.957686	0.957675	0.95765	0.957597	0.957488	0.957271	0.956854	0.956083	0.954703	0.952322	0.948351	0.941954	0.932	0.917035	0.895295	0.864776	0.823369	0.769075	0.700261	0.615957	0.51612	0.401825	0.275331	0.139991	0	
0	0.142298	0.279866	0.408439	0.524608	0.626076	0.711752	0.781679	0.836847	0.878915	0.909919	0.932	0.947198	0.957305	0.963799	0.96783	0.970247	0.971646	0.972429	0.972851	0.973071	0.973182	0.973236	0.973261	0.973272	0.973277	0.973279	0.97328	0.973281	0.973281	0.973281	0.973281	0.97328	0.973279	0.973277	0.973272	0.973261	0.973236	0.973182	0.973071	0.972851	0.972429	0.971646	0.970247	0.96783	0.963799	0.957305	0.947198	0.932	0.909919	0.878915	0.836847	0.781679	0.711752	0.626076	0.524608	0.408439	0.279866	0.142298	0	
0	0.143835	0.282888	0.412846	0.530263	0.632817	0.719404	0.790071	0.845818	0.888324	0.919647	0.941954	0.957305	0.967513	0.974071	0.97814	0.98058	0.981992	0.982782	0.983208	0.98343	0.983542	0.983596	0.983622	0.983633	0.983638	0.98364	0.983641	0.983641	0.983642	0.983642	0.983641	0.983641	0.98364	0.983638	0.983633	0.983622	0.983596	0.983542	0.98343	0.983208	0.982782	0.981992	0.98058	0.97814	0.974071	0.967513	0.957305	0.941954	0.919647	0.888324	0.845818	0.790071	0.719404	0.632817	0.530263	0.412846	0.282888	0.143835	0	
0	0.144826	0.284835	0.415685	0.533904	0.637156	0.724328	0.795469	0.851587	0.894373	0.9259	0.948351	0.963799	0.974071	0.980668	0.984763	0.987217	0.988637	0.989432	0.98986	0.990083	0.990196	0.99025	0.990276	0.990287	0.990292	0.990294	0.990295	0.990296	0.990296	0.990296	0.990296	0.990295	0.990294	0.990292	0.990287	0.990276	0.99025	0.990196	0.990083	0.98986	0.989432	0.988637	0.987217	0.984763	0.980668	0.974071	0.963799	0.948351	0.9259	0.894373	0.851587	0.795469	0.724328	0.637156	0.533904	0.415685	0.284835	0.144826	0	
0	0.145442	0.286047	0.417451	0.53617	0.639854	0.72739	0.798825	0.855172	0.898131	0.929783	0.952322	0.96783	0.97814	0.984763	0.988872	0.991335	0.99276	0.993557	0.993987	0.994211	0.994324	0.994378	0.994404	0.994415	0.994421	0.994423	0.994423	0.994424	0.994424	0.994424	0.994424	0.994423	0.994423	0.994421	0.994415	0.994404	0.994378	0.994324	0.994211	0.993987	0.993557	0.99276	0.991335	0.988872	0.984763	0.97814	0.96783	0.952322	0.929783	0.898131	0.855172	0.798825	0.72739	0.639854	0.53617	0.417451	0.286047	0.145442	0	
0	0.145813	0.286775	0.418513	0.537531	0.641475	0.729228	0.800839	0.857323	0.900385	0.932112	0.954703	0.970247	0.98058	0.987217	0.991335	0.993803	0.995231	0.996029	0.99646	0.996685	0.996797	0.996852	0.996878	0.996889	0.996894	0.996896	0.996897	0.996898	0.996898	0.996898	0.996898	0.996897	0.996896	0.996894	0.996889	0.996878	0.996852	0.996797	0.996685	0.99646	0.996029	0.995231	0.993803	0.991335	0.987217	0.98058	0.970247	0.954703	0.932112	0.900385	0.857323	0.800839	0.729228	0.641475	0.537531	0.418513	0.286775	0.145813	0	
0	0.146029	0.287198	0.419129	0.538321	0.642416	0.730295	0.802007	0.858571	0.901691	0.933462	0.956083	0.971646	0.981992	0.988637	0.99276	0.995231	0.996661	0.99746	0.997891	0.998116	0.998229	0.998284	0.998309	0.998321	0.998326	0.998328	0.998329	0.998329	0.998329	0.998329	0.998329	0.998329	0.998328	0.998326	0.998321	0.998309	0.998284	0.998229	0.998116	0.997891	0.99746	0.996661	0.995231	0.99276	0.988637	0.981992	0.971646	0.956083	0.933462	0.901691	0.858571	0.802007	0.730295	0.642416	0.538321	0.419129	0.287198	0.146029	0	
0	0.146149	0.287436	0.419475	0.538764	0.642944	0.730893	0.802662	0.859269	0.902423	0.934217	0.956854	0.972429	0.982782	0.989432	0.993557	0.996029	0.99746	0.99826	0.998691	0.998916	0.999029	0.999084	0.99911	0.999121	0.999126	0.999128	0.999129	0.99913	0.99913	0.99913	0.99913	0.999129	0.999128	0.999126	0.999121	0.99911	0.999084	0.999029	0.998916	0.998691	0.99826	0.99746	0.996029	0.993557	0.989432	0.982782	0.972429	0.956854	0.934217	0.902423	0.859269	0.802662	0.730893	0.642944	0.538764	0.419475	0.287436	0.146149	0	
0	0.146215	0.287564	0.419663	0.539004	0.643229	0.731216	0.803015	0.859646	0.902818	0.934624	0.957271	0.972851	0.983208	0.98986	0.993987	0.99646	0.997891	0.998691	0.999123	0.999348	0.999461	0.999516	0.999541	0.999553	0.999558	0.99956	0.999561	0.999561	0.999561	0.999561	0.999561	0.999561	0.99956	0.999558	0.999553	0.999541	0.999516	0.999461	0.999348	0.999123	0.998691	0.997891	0.99646	0.993987	0.98986	0.983208	0.972851	0.957271	0.934624	0.902818	0.859646	0.803015	0.731216	0.643229	0.539004	0.419663	0.287564	0.146215	0	
0	0.146249	0.287632	0.41976	0.53913	0.643378	0.731385	0.8032	0.859843	0.903024	0.934837	0.957488	0.973071	0.98343	0.990083	0.994211	0.996684	0.998116	0.998916	0.999348	0.999573	0.999686	0.99974	0.999766	0.999778	0.999783	0.999785	0.999786	0.999786	0.999786	0.999786	0.999786	0.999786	0.999785	0.999783	0.999778	0.999766	0.99974	0.999686	0.999573	0.999348	0.998916	0.998116	0.996684	0.994211	0.990083	0.98343	0.973071	0.957488	0.934837	0.903024	0.859843	0.8032	0.731385	0.643378	0.53913	0.41976	0.287632	0.146249	0	
0	0.146266	0.287666	0.41981	0.539193	0.643453	0.73147	0.803293	0.859942	0.903127	0.934944	0.957597	0.973182	0.983542	0.990196	0.994324	0.996797	0.998229	0.999029	0.999461	0.999685	0.999799	0.999853	0.999879	0.999891	0.999896	0.999898	0.999899	0.999899	0.999899	0.999899	0.999899	0.999899	0.999898	0.999896	0.999891	0.999879	0.999853	0.999799	0.999685	0.999461	0.999029	0.998229	0.996797	0.994324	0.990196	0.983542	0.973182	0.957597	0.934944	0.903127	0.859942	0.803293	0.73147	0.643453	0.539193	0.41981	0.287666	0.146266	0	
0	0.146275	0.287682	0.419834	0.539224	0.64349	0.731511	0.803338	0.85999	0.903178	0.934996	0.95765	0.973235	0.983596	0.99025	0.994378	0.996852	0.998283	0.999083	0.999515	0.99974	0.999853	0.999908	0.999934	0.999945	0.99995	0.999952	0.999953	0.999953	0.999954	0.999954	0.999953	0.999953	0.999952	0.99995	0.999945	0.999934	0.999908	0.999853	0.99974	0.999515	0.999083	0.998283	0.996852	0.994378	0.99025	0.983596	0.973235	0.95765	0.934996	0.903178	0.85999	0.803338	0.731511	0.64349	0.539224	0.419834	0.287682	0.146275	0	
0	0.146279	0.28769	0.419845	0.539238	0.643506	0.73153	0.803359	0.860012	0.9032	0.935019	0.957674	0.97326	0.98362	0.990274	0.994403	0.996876	0.998308	0.999108	0.99954	0.999765	0.999878	0.999933	0.999958	0.99997	0.999975	0.999977	0.999978	0.999978	0.999978	0.999978	0.999978	0.999978	0.999977	0.999975	0.99997	0.999958	0.999933	0.999878	0.999765	0.99954	0.999108	0.998308	0.996876	0.994403	0.990274	0.98362	0.97326	0.957674	0.935019	0.9032	0.860012	0.803359	0.73153	0.643506	0.539238	0.419845	0.28769	0.146279	0	
0	0.14628	0.287692	0.419849	0.539243	0.643513	0.731537	0.803367	0.860021	0.903209	0.935028	0.957683	0.973269	0.98363	0.990284	0.994412	0.996886	0.998318	0.999118	0.999549	0.999774	0.999887	0.999942	0.999968	0.999979	0.999984	0.999987	0.999987	0.999988	0.999988	0.999988	0.999988	0.999987	0.999987	0.999984	0.999979	0.999968	0.999942	0.999887	0.999774	0.999549	0.999118	0.998318	0.996886	0.994412	0.990284	0.98363	0.973269	0.957683	0.935028	0.903209	0.860021	0.803367	0.731537	0.643513	0.539243	0.419849	0.287692	0.14628	0	
0	0.14628	0.287692	0.419849	0.539243	0.643513	0.731537	0.803367	0.860021	0.903209	0.935028	0.957683	0.973269	0.98363	0.990284	0.994412	0.996886	0.998318	0.999118	0.999549	0.999774	0.999887	0.999942	0.999968	0.999979	0.999984	0.999987	0.999987	0.999988	0.999988	0.999988	0.999988	0.999987	0.999987	0.999984	0.999979	0.999968	0.999942	0.999887	0.999774	0.999549	0.999118	0.998318	0.996886	0.994412	0.990284	0.98363	0.973269	0.957683	0.935028	0.903209	0.860021	0.803367	0.731537	0.643513	0.539243	0.419849	0.287692	0.14628	0	
0	0.146279	0.28769	0.419845	0.539238	0.643506	0.73153	0.803359	0.860012	0.9032	0.935019	0.957674	0.97326	0.98362	0.990274	0.994403	0.996876	0.998308	0.999108	0.99954	0.999765	0.999878	0.999933	0.999958	0.99997	0.999975	0.999977	0.999978	0.999978	0.999978	0.999978	0.999978	0.999978	0.999977	0.999975	0.99997	0.999958	0.999933	0.999878	0.999765	0.99954	0.999108	0.998308	0.996876	0.994403	0.990274	0.98362	0.97326	0.957674	0.935019	0.9032	0.860012	0.803359	0.73153	0.643506	0.539238	0.419845	0.28769	0.146279	0	
0	0.146275	0.287682	0.419834	0.539224	0.64349	0.731511	0.803338	0.85999	0.903178	0.934996	0.95765	0.973235	0.983596	0.99025	0.994378	0.996852	0.998283	0.999083	0.999515	0.99974	0.999853	0.999908	0.999934	0.999945	0.99995	0.999952	0.999953	0.999953	0.999954	0.999954	0.999953	0.999953	0.999952	0.99995	0.999945	0.999934	0.999908	0.999853	0.99974	0.999515	0.999083	0.998283	0.996852	0.994378	0.99025	0.983596	0.973235	0.95765	0.934996	0.903178	0.85999	0.803338	0.731511	0.64349	0.539224	0.419834	0.287682	0.146275	0	
0	0.146266	0.287666	0.41981	0.539193	0.643453	0.73147	0.803293	0.859942	0.903127	0.934944	0.957597	0.973182	0.983542	0.990196	0.994324	0.996797	0.998229	0.999029	0.999461	0.999685	0.999799	0.999853	0.999879	0.999891	0.999896	0.999898	0.999899	0.999899	0.999899	0.999899	0.999899	0.999899	0.999898	0.999896	0.999891	0.999879	0.999853	0.999799	0.999685	0.999461	0.999029	0.998229	0.996797	0.994324	0.990196	0.983542	0.973182	0.957597	0.934944	0.903127	0.859942	0.803293	0.73147	0.643453	0.539193	0.41981	0.287666	0.146266	0	
0	0.146249	0.287632	0.41976	0.53913	0.643378	0.731385	0.8032	0.859843	0.903024	0.934837	0.957488	0.973071	0.98343	0.990083	0.994211	0.996684	0.998116	0.998916	0.999348	0.999573	0.999686	0.99974	0.999766	0.999778	0.999783	0.999785	0.999786	0.999786	0.999786	0.999786	0.999786	0.999786	0.999785	0.999783	0.999778	0.999766	0.99974	0.999686	0.999573	0.999348	0.998916	0.998116	0.996684	0.994211	0.990083	0.98343	0.973071	0.957488	0.934837	0.903024	0.859843	0.8032	0.731385	0.643378	0.53913	0.41976	0.287632	0.146249	0	
0	0.146215	0.287564	0.419663	0.539004	0.643229	0.731216	0.803015	0.859646	0.902818	0.934624	0.957271	0.972851	0.983208	0.98986	0.993987	0.99646	0.997891	0.998691	0.999123	0.999348	0.999461	0.999516	0.999541	0.999553	0.999558	0.99956	0.999561	0.999561	0.999561	0.999561	0.999561	0.999561	0.99956	0.999558	0.999553	0.999541	0.999516	0.999461	0.999348	0.999123	0.998691	0.997891	0.99646	0.993987	0.98986	0.983208	0.972851	0.957271	0.934624	0.902818	0.859646	0.803015	0.731216	0.643229	0.539004	0.419663	0.287564	0.146215	0	
0	0.146149	0.287436	0.419475	0.538764	0.642944	0.730893	0.802662	0.859269	0.902423	0.934217	0.956854	0.972429	0.982782	0.989432	0.993557	0.996029	0.99746	0.99826	0.998691	0.998916	0.999029	0.999084	0.99911	0.999121	0.999126	0.999128	0.999129	0.99913	0.99913	0.99913	0.99913	0.999129	0.999128	0.999126	0.999121	0.99911	0.999084	0.999029	0.998916	0.998691	0.99826	0.99746	0.996029	0.993557	0.989432	0.982782	0.972429	0.956854	0.934217	0.902423	0.859269	0.802662	0.730893	0.642944	0.538764	0.419475	0.287436	0.146149	0	
0	0.146029	0.287198	0.419129	0.538321	0.642416	0.730295	0.802007	0.858571	0.901691	0.933462	0.956083	0.971646	0.981992	0.988637	0.99276	0.995231	0.996661	0.99746	0.997891	0.998116	0.998229	0.998284	0.998309	0.998321	0.998326	0.998328	0.998329	0.998329	0.998329	0.998329	0.998329	0.998329	0.998328	0.998326	0.998321	0.998309	0.998284	0.998229	0.998116	0.997891	0.99746	0.996661	0.995231	0.99276	0.988637	0.981992	0.971646	0.956083	0.933462	0.901691	0.858571	0.802007	0.730295	0.642416	0.538321	0.419129	0.287198	0.146029	0	
0	0.145813	0.286775	0.418513	0.537531	0.641475	0.729228	0.800839	0.857323	0.900385	0.932112	0.954703	0.970247	0.98058	0.987217	0.991335	0.993803	0.995231	0.996029	0.99646	0.996685	0.996797	0.996852	0.996878	0.996889	0.996894	0.996896	0.996897	0.996898	0.996898	0.996898	0.996898	0.996897	0.996896	0.996894	0.996889	0.996878	0.996852	0.996797	0.996685	0.99646	0.996029	0.995231	0.993803	0.991335	0.987217	0.98058	0.970247	0.954703	0.932112	0.900385	0.857323	0.800839	0.729228	0.641475	0.537531	0.418513	0.286775	0.145813	0	
0	0.145442	0.286047	0.417451	0.53617	0.639854	0.72739	0.798825	0.855172	0.898131	0.929783	0.952322	0.96783	0.97814	0.984763	0.988872	0.991335	0.99276	0.993557	0.993987	0.994211	0.994324	0.994378	0.994404	0.994415	0.994421	0.994423	0.994423	0.994424	0.994424	0.994424	0.994424	0.994423	0.994423	0.994421	0.994415	0.994404	0.994378	0.994324	0.994211	0.993987	0.993557	0.99276	0.991335	0.988872	0.984763	0.97814	0.96783	0.952322	0.929783	0.898131	0.855172	0.798825	0.72739	0.639854	0.53617	0.417451	0.286047	0.145442	0	
0	0.144826	0.284835	0.415685	0.533904	0.637156	0.724328	0.795469	0.851587	0.894373	0.9259	0.948351	0.963799	0.974071	0.980668	0.984763	0.987217	0.988637	0.989432	0.98986	0.990083	0.990196	0.99025	0.990276	0.990287	0.990292	0.990294	0.990295	0.990296	0.990296	0.990296	0.990296	0.990295	0.990294	0.990292	0.990287	0.990276	0.99025	0.990196	0.990083	0.98986	0.989432	0.988637	0.987217	0.984763	0.980668	0.974071	0.963799	0.948351	0.9259	0.894373	0.851587	0.795469	0.724328	0.637156	0.533904	0.415685	0.284835	0.144826	0	
0	0.143835	0.282888	0.412846	0.530263	0.632817	0.719404	0.790071	0.845818	0.888324	0.919647	0.941954	0.957305	0.967513	0.974071	0.97814	0.98058	0.981992	0.982782	0.983208	0.98343	0.983542	0.983596	0.983622	0.983633	0.983638	0.98364	0.983641	0.983641	0.983642	0.983642	0.983641	0.983641	0.98364	0.983638	0.983633	0.983622	0.983596	0.983542	0.98343	0.983208	0.982782	0.981992	0.98058	0.97814	0.974071	0.967513	0.957305	0.941954	0.919647	0.888324	0.845818	0.790071	0.719404	0.632817	0.530263	0.412846	0.282888	0.143835	0	
0	0.142298	0.279866	0.408439	0.524608	0.626076	0.711752	0.781679	0.836847	0.878915	0.909919	0.932	0.947198	0.957305	0.963799	0.96783	0.970247	0.971646	0.972429	0.972851	0.973071	0.973182	0.973236	0.973261	0.973272	0.973277	0.973279	0.97328	0.973281	0.973281	0.973281	0.973281	0.97328	0.973279	0.973277	0.973272	0.973261	0.973236	0.973182	0.973071	0.972851	0.972429	0.971646	0.970247	0.96783	0.963799	0.957305	0.947198	0.932	0.909919	0.878915	0.836847	0.781679	0.711752	0.626076	0.524608	0.408439	0.279866	0.142298	0	
0	0.139991	0.275331	0.401825	0.51612	0.615957	0.700261	0.769075	0.823369	0.864776	0.895295	0.917035	0.932	0.941954	0.948351	0.952322	0.954703	0.956083	0.956854	0.957271	0.957488	0.957597	0.95765	0.957675	0.957686	0.957691	0.957693	0.957694	0.957694	0.957694	0.957694	0.957694	0.957694	0.957693	0.957691	0.957686	0.957675	0.95765	0.957597	0.957488	0.957271	0.956854	0.956083	0.954703	0.952322	0.948351	0.941954	0.932	0.917035	0.895295	0.864776	0.823369	0.769075	0.700261	0.615957	0.51612	0.401825	0.275331	0.139991	0	
0	0.136647	0.268755	0.392233	0.503809	0.601277	0.683587	0.75078	0.803802	0.844243	0.874055	0.895295	0.909919	0.919647	0.9259	0.929783	0.932112	0.933462	0.934217	0.934625	0.934837	0.934944	0.934996	0.935021	0.935032	0.935036	0.935038	0.935039	0.93504	0.93504	0.93504	0.93504	0.935039	0.935038	0.935036	0.935032	0.935021	0.934996	0.934944	0.934837	0.934625	0.934217	0.933462	0.932112	0.929783	0.9259	0.919647	0.909919	0.895295	0.874055	0.844243	0.803802	0.75078	0.683587	0.601277	0.503809	0.392233	0.268755	0.136647	0	
0	0.13196	0.259539	0.378789	0.48655	0.580693	0.660203	0.725117	0.776348	0.815428	0.844243	0.864776	0.878915	0.888324	0.894373	0.898131	0.900385	0.901692	0.902423	0.902818	0.903024	0.903128	0.903178	0.903202	0.903212	0.903217	0.903219	0.90322	0.90322	0.90322	0.90322	0.90322	0.90322	0.903219	0.903217	0.903212	0.903202	0.903178	0.903128	0.903024	0.902818	0.902423	0.901692	0.900385	0.898131	0.894373	0.888324	0.878915	0.864776	0.844243	0.815428	0.776348	0.725117	0.660203	0.580693	0.48655	0.378789	0.259539	0.13196	0	
0	0.125611	0.247056	0.360576	0.463166	0.552798	0.628506	0.690325	0.739119	0.776348	0.803802	0.823369	0.836847	0.845818	0.851587	0.855172	0.857323	0.858571	0.859269	0.859646	0.859843	0.859943	0.859991	0.860013	0.860024	0.860028	0.86003	0.860031	0.860031	0.860031	0.860031	0.860031	0.860031	0.86003	0.860028	0.860024	0.860013	0.859991	0.859943	0.859843	0.859646	0.859269	0.858571	0.857323	0.855172	0.851587	0.845818	0.836847	0.823369	0.803802	0.776348	0.739119	0.690325	0.628506	0.552798	0.463166	0.360576	0.247056	0.125611	0	
0	0.117299	0.230709	0.336723	0.432537	0.516256	0.586977	0.644731	0.690325	0.725117	0.75078	0.769075	0.781679	0.790071	0.795469	0.798825	0.800839	0.802007	0.802662	0.803015	0.8032	0.803293	0.803339	0.80336	0.80337	0.803374	0.803375	0.803376	0.803376	0.803377	0.803377	0.803376	0.803376	0.803375	0.803374	0.80337	0.80336	0.803339	0.803293	0.8032	0.803015	0.802662	0.802007	0.800839	0.798825	0.795469	0.790071	0.781679	0.769075	0.75078	0.725117	0.690325	0.644731	0.586977	0.516256	0.432537	0.336723	0.230709	0.117299	0	
0	0.106776	0.210015	0.306526	0.393756	0.469982	0.53438	0.586977	0.628506	0.660203	0.683587	0.700261	0.711752	0.719404	0.724328	0.72739	0.729228	0.730295	0.730893	0.731216	0.731385	0.73147	0.731512	0.731531	0.73154	0.731544	0.731545	0.731546	0.731546	0.731546	0.731546	0.731546	0.731546	0.731545	0.731544	0.73154	0.731531	0.731512	0.73147	0.731385	0.731216	0.730893	0.730295	0.729228	0.72739	0.724328	0.719404	0.711752	0.700261	0.683587	0.660203	0.628506	0.586977	0.53438	0.469982	0.393756	0.306526	0.210015	0.106776	0	
0	0.093899	0.184689	0.269566	0.346285	0.413332	0.469982	0.516256	0.552798	0.580693	0.601277	0.615957	0.626076	0.632817	0.637156	0.639854	0.641475	0.642416	0.642944	0.643229	0.643378	0.643453	0.64349	0.643507	0.643515	0.643519	0.64352	0.643521	0.643521	0.643521	0.643521	0.643521	0.643521	0.64352	0.643519	0.643515	0.643507	0.64349	0.643453	0.643378	0.643229	0.642944	0.642416	0.641475	0.639854	0.637156	0.632817	0.626076	0.615957	0.601277	0.580693	0.552798	0.516256	0.469982	0.413332	0.346285	0.269566	0.184689	0.093899	0	
0	0.0786622	0.154721	0.225829	0.290107	0.346285	0.393756	0.432537	0.463166	0.48655	0.503809	0.51612	0.524608	0.530263	0.533904	0.53617	0.537531	0.538321	0.538764	0.539004	0.53913	0.539193	0.539224	0.539238	0.539245	0.539248	0.539249	0.53925	0.53925	0.53925	0.53925	0.53925	0.53925	0.539249	0.539248	0.539245	0.539238	0.539224	0.539193	0.53913	0.539004	0.538764	0.538321	0.537531	0.53617	0.533904	0.530263	0.524608	0.51612	0.503809	0.48655	0.463166	0.432537	0.393756	0.346285	0.290107	0.225829	0.154721	0.0786622	0	
0	0.0612311	0.120437	0.17579	0.225829	0.269566	0.306526	0.336723	0.360576	0.378789	0.392233	0.401825	0.408439	0.412846	0.415685	0.417451	0.418513	0.419129	0.419475	0.419663	0.41976	0.41981	0.419834	0.419845	0.419851	0.419853	0.419854	0.419854	0.419854	0.419854	0.419854	0.419854	0.419854	0.419854	0.419853	0.419851	0.419845	0.419834	0.41981	0.41976	0.419663	0.419475	0.419129	0.418513	0.417451	0.415685	0.412846	0.408439	0.401825	0.392233	0.378789	0.360576	0.336723	0.306526	0.269566	0.225829	0.17579	0.120437	0.0612311	0	
0	0.0419498	0.0825126	0.120437	0.154721	0.184689	0.210015	0.230709	0.247056	0.259539	0.268755	0.275331	0.279866	0.282888	0.284835	0.286047	0.286775	0.287198	0.287436	0.287564	0.287632	0.287666	0.287682	0.28769	0.287693	0.287695	0.287696	0.287696	0.287696	0.287696	0.287696	0.287696	0.287696	0.287696	0.287695	0.287693	0.28769	0.287682	0.287666	0.287632	0.287564	0.287436	0.287198	0.286775	0.286047	0.284835	0.282888	0.279866	0.275331	0.268755	0.259539	0.247056	0.230709	0.210015	0.184689	0.154721	0.120437	0.0825126	0.0419498	0	
0	0.0213274	0.0419498	0.0612311	0.0786622	0.093899	0.106776	0.117299	0.125611	0.13196	0.136647	0.139991	0.142298	0.143835	0.144826	0.145442	0.145813	0.146029	0.146149	0.146215	0.146249	0.146266	0.146275	0.146279	0.146281	0.146281	0.146282	0.146282	0.146282	0.146282	0.146282	0.146282	0.146282	0.146282	0.146281	0.146281	0.146279	0.146275	0.146266	0.146249	0.146215	0.146149	0.146029	0.145813	0.145442	0.144826	0.143835	0.142298	0.139991	0.136647	0.13196	0.125611	0.117299	0.106776	0.093899	0.0786622	0.0612311	0.0419498	0.0213274	0	
0	0	0	0	0	0	0	0	0	0	0	0	0	0	0	0	0	0	0	0	0	0	0	0	0	0	0	0	0	0	0	0	0	0	0	0	0	0	0	0	0	0	0	0	0	0	0	0	0	0	0	0	0	0	0	0	0	0	0	0	
