0	0	0	0	0	0	0	0	0	0	0	0	0	0	0	0	0	0	0	0	0	0	0	0	0	0	0	0	0	0	0	0	0	0	0	0	0	0	0	0	0	0	0	0	0	0	0	0	0	0	0	0	0	0	0	0	0	0	0	0	
0	0.018373	0.0362217	0.0530664	0.0685098	0.0822641	0.0941639	0.104165	0.112329	0.118804	0.12379	0.12752	0.13023	0.132143	0.133453	0.134324	0.134888	0.135241	0.135456	0.135583	0.135656	0.135697	0.135718	0.13573	0.135736	0.135739	0.13574	0.135741	0.135741	0.135741	0.135741	0.135741	0.135741	0.13574	0.135739	0.135736	0.13573	0.135718	0.135697	0.135656	0.135583	0.135456	0.135241	0.134888	0.134324	0.133453	0.132143	0.13023	0.12752	0.12379	0.118804	0.112329	0.104165	0.0941639	0.0822641	0.0685098	0.0530664	0.0362217	0.018373	0	
0	0.0362217	0.0714098	0.104618	0.135063	0.162178	0.185637	0.205351	0.221445	0.234207	0.244035	0.251387	0.256728	0.260497	0.263079	0.264796	0.265906	0.266602	0.267026	0.267276	0.26742	0.267499	0.267543	0.267565	0.267577	0.267583	0.267585	0.267586	0.267587	0.267587	0.267587	0.267587	0.267586	0.267585	0.267583	0.267577	0.267565	0.267543	0.267499	0.26742	0.267276	0.267026	0.266602	0.265906	0.264796	0.263079	0.260497	0.256728	0.251387	0.244035	0.234207	0.221445	0.205351	0.185637	0.162178	0.135063	0.104618	0.0714098	0.0362217	0	
0	0.0530664	0.104618	0.153269	0.19787	0.237592	0.271956	0.300834	0.324407	0.343098	0.357492	0.368258	0.376079	0.381597	0.385377	0.387891	0.389515	0.390534	0.391153	0.39152	0.39173	0.391847	0.39191	0.391943	0.39196	0.391968	0.391972	0.391974	0.391975	0.391975	0.391975	0.391975	0.391974	0.391972	0.391968	0.39196	0.391943	0.39191	0.391847	0.39173	0.39152	0.391153	0.390534	0.389515	0.387891	0.385377	0.381597	0.376079	0.368258	0.357492	0.343098	0.324407	0.300834	0.271956	0.237592	0.19787	0.153269	0.104618	0.0530664	0	
0	0.0685098	0.135063	0.19787	0.255449	0.306724	0.351082	0.388356	0.41878	0.442902	0.461476	0.475368	0.485458	0.492576	0.497451	0.500693	0.502787	0.5041	0.504899	0.505371	0.505642	0.505793	0.505874	0.505916	0.505938	0.505949	0.505954	0.505956	0.505957	0.505958	0.505958	0.505957	0.505956	0.505954	0.505949	0.505938	0.505916	0.505874	0.505793	0.505642	0.505371	0.504899	0.5041	0.502787	0.500693	0.497451	0.492576	0.485458	0.475368	0.461476	0.442902	0.41878	0.388356	0.351082	0.306724	0.255449	0.19787	0.135063	0.0685098	0	
0	0.0822641	0.162178	0.237592	0.306724	0.368287	0.42154	0.466285	0.502805	0.531756	0.554047	0.570716	0.582822	0.59136	0.597208	0.601096	0.603606	0.60518	0.606138	0.606703	0.607027	0.607208	0.607305	0.607356	0.607382	0.607395	0.607401	0.607404	0.607405	0.607405	0.607405	0.607405	0.607404	0.607401	0.607395	0.607382	0.607356	0.607305	0.607208	0.607027	0.606703	0.606138	0.60518	0.603606	0.601096	0.597208	0.59136	0.582822	0.570716	0.554047	0.531756	0.502805	0.466285	0.42154	0.368287	0.306724	0.237592	0.162178	0.0822641	0	
0	0.0941639	0.185637	0.271956	0.351082	0.42154	0.482483	0.533686	0.575472	0.608594	0.634094	0.653159	0.667004	0.676766	0.68345	0.687895	0.690763	0.692561	0.693655	0.6943	0.694671	0.694876	0.694988	0.695046	0.695075	0.69509	0.695097	0.6951	0.695101	0.695102	0.695102	0.695101	0.6951	0.695097	0.69509	0.695075	0.695046	0.694988	0.694876	0.694671	0.6943	0.693655	0.692561	0.690763	0.687895	0.68345	0.676766	0.667004	0.653159	0.634094	0.608594	0.575472	0.533686	0.482483	0.42154	0.351082	0.271956	0.185637	0.0941639	0	
0	0.104165	0.205351	0.300834	0.388356	0.466285	0.533686	0.59031	0.636515	0.673135	0.701323	0.722397	0.737696	0.748482	0.755867	0.760775	0.763943	0.765927	0.767134	0.767847	0.768255	0.768482	0.768604	0.768668	0.768701	0.768717	0.768725	0.768728	0.76873	0.76873	0.76873	0.76873	0.768728	0.768725	0.768717	0.768701	0.768668	0.768604	0.768482	0.768255	0.767847	0.767134	0.765927	0.763943	0.760775	0.755867	0.748482	0.737696	0.722397	0.701323	0.673135	0.636515	0.59031	0.533686	0.466285	0.388356	0.300834	0.205351	0.104165	0	
0	0.112329	0.221445	0.324407	0.41878	0.502805	0.575472	0.636515	0.68632	0.725789	0.756166	0.778872	0.795354	0.806971	0.814923	0.820208	0.823617	0.825753	0.827052	0.827818	0.828257	0.828501	0.828632	0.828701	0.828736	0.828753	0.828761	0.828765	0.828767	0.828767	0.828767	0.828767	0.828765	0.828761	0.828753	0.828736	0.828701	0.828632	0.828501	0.828257	0.827818	0.827052	0.825753	0.823617	0.820208	0.814923	0.806971	0.795354	0.778872	0.756166	0.725789	0.68632	0.636515	0.575472	0.502805	0.41878	0.324407	0.221445	0.112329	0	
0	0.118804	0.234207	0.343098	0.442902	0.531756	0.608594	0.673135	0.725789	0.76751	0.799616	0.823611	0.841026	0.853299	0.861697	0.867278	0.870877	0.873131	0.874502	0.87531	0.875773	0.87603	0.876169	0.876241	0.876278	0.876296	0.876305	0.876309	0.87631	0.876311	0.876311	0.87631	0.876309	0.876305	0.876296	0.876278	0.876241	0.876169	0.87603	0.875773	0.87531	0.874502	0.873131	0.870877	0.867278	0.861697	0.853299	0.841026	0.823611	0.799616	0.76751	0.725789	0.673135	0.608594	0.531756	0.442902	0.343098	0.234207	0.118804	0	
0	0.12379	0.244035	0.357492	0.461476	0.554047	0.634094	0.701323	0.756166	0.799616	0.833049	0.858032	0.876161	0.888935	0.897675	0.903481	0.907225	0.909569	0.910994	0.911834	0.912315	0.912582	0.912726	0.912802	0.91284	0.912859	0.912868	0.912872	0.912874	0.912874	0.912874	0.912874	0.912872	0.912868	0.912859	0.91284	0.912802	0.912726	0.912582	0.912315	0.911834	0.910994	0.909569	0.907225	0.903481	0.897675	0.888935	0.876161	0.858032	0.833049	0.799616	0.756166	0.701323	0.634094	0.554047	0.461476	0.357492	0.244035	0.12379	0	
0	0.12752	0.251387	0.368258	0.475368	0.570716	0.653159	0.722397	0.778872	0.823611	0.858032	0.88375	0.902409	0.915555	0.924548	0.930521	0.934372	0.936783	0.938248	0.939111	0.939606	0.93988	0.940028	0.940105	0.940145	0.940164	0.940173	0.940177	0.940179	0.94018	0.94018	0.940179	0.940177	0.940173	0.940164	0.940145	0.940105	0.940028	0.93988	0.939606	0.939111	0.938248	0.936783	0.934372	0.930521	0.924548	0.915555	0.902409	0.88375	0.858032	0.823611	0.778872	0.722397	0.653159	0.570716	0.475368	0.368258	0.251387	0.12752	0	
0	0.13023	0.256728	0.376079	0.485458	0.582822	0.667004	0.737696	0.795354	0.841026	0.876161	0.902409	0.921451	0.934865	0.94404	0.950133	0.954061	0.956519	0.958013	0.958893	0.959397	0.959676	0.959827	0.959906	0.959946	0.959965	0.959975	0.959979	0.959981	0.959981	0.959981	0.959981	0.959979	0.959975	0.959965	0.959946	0.959906	0.959827	0.959676	0.959397	0.958893	0.958013	0.956519	0.954061	0.950133	0.94404	0.934865	0.921451	0.902409	0.876161	0.841026	0.795354	0.737696	0.667004	0.582822	0.485458	0.376079	0.256728	0.13023	0	
0	0.132143	0.260497	0.381597	0.492576	0.59136	0.676766	0.748482	0.806971	0.853299	0.888935	0.915555	0.934865	0.948467	0.957768	0.963945	0.967926	0.970417	0.97193	0.972822	0.973333	0.973616	0.973768	0.973848	0.973888	0.973908	0.973918	0.973922	0.973924	0.973925	0.973925	0.973924	0.973922	0.973918	0.973908	0.973888	0.973848	0.973768	0.973616	0.973333	0.972822	0.97193	0.970417	0.967926	0.963945	0.957768	0.948467	0.934865	0.915555	0.888935	0.853299	0.806971	0.748482	0.676766	0.59136	0.492576	0.381597	0.260497	0.132143	0	
0	0.133453	0.263079	0.385377	0.497451	0.597208	0.68345	0.755867	0.814923	0.861697	0.897675	0.924548	0.94404	0.957768	0.967156	0.973389	0.977406	0.97992	0.981446	0.982346	0.98286	0.983146	0.9833	0.98338	0.983421	0.983441	0.98345	0.983455	0.983456	0.983457	0.983457	0.983456	0.983455	0.98345	0.983441	0.983421	0.98338	0.9833	0.983146	0.98286	0.982346	0.981446	0.97992	0.977406	0.973389	0.967156	0.957768	0.94404	0.924548	0.897675	0.861697	0.814923	0.755867	0.68345	0.597208	0.497451	0.385377	0.263079	0.133453	0	
0	0.134324	0.264796	0.387891	0.500693	0.601096	0.687894	0.760775	0.820208	0.867278	0.903481	0.930521	0.950133	0.963945	0.973389	0.979659	0.983699	0.986227	0.987762	0.988667	0.989184	0.989471	0.989626	0.989707	0.989748	0.989768	0.989777	0.989782	0.989784	0.989784	0.989784	0.989784	0.989782	0.989777	0.989768	0.989748	0.989707	0.989626	0.989471	0.989184	0.988667	0.987762	0.986227	0.983699	0.979659	0.973389	0.963945	0.950133	0.930521	0.903481	0.867278	0.820208	0.760775	0.687894	0.601096	0.500693	0.387891	0.264796	0.134324	0	
0	0.134888	0.265906	0.389515	0.502787	0.603606	0.690763	0.763943	0.823617	0.870877	0.907225	0.934372	0.954061	0.967926	0.977406	0.983699	0.987755	0.990292	0.991832	0.99274	0.993259	0.993547	0.993702	0.993784	0.993825	0.993845	0.993854	0.993859	0.993861	0.993861	0.993861	0.993861	0.993859	0.993854	0.993845	0.993825	0.993784	0.993702	0.993547	0.993259	0.99274	0.991832	0.990292	0.987755	0.983699	0.977406	0.967926	0.954061	0.934372	0.907225	0.870877	0.823617	0.763943	0.690763	0.603606	0.502787	0.389515	0.265906	0.134888	0	
0	0.135241	0.266602	0.390534	0.5041	0.60518	0.692561	0.765927	0.825753	0.873131	0.909569	0.936783	0.956519	0.970417	0.97992	0.986227	0.990292	0.992834	0.994378	0.995288	0.995808	0.996097	0.996252	0.996333	0.996375	0.996395	0.996404	0.996409	0.996411	0.996411	0.996411	0.996411	0.996409	0.996404	0.996395	0.996375	0.996333	0.996252	0.996097	0.995808	0.995288	0.994378	0.992834	0.990292	0.986227	0.97992	0.970417	0.956519	0.936783	0.909569	0.873131	0.825753	0.765927	0.692561	0.60518	0.5041	0.390534	0.266602	0.135241	0	
0	0.135456	0.267026	0.391153	0.504899	0.606138	0.693655	0.767134	0.827051	0.874501	0.910994	0.938248	0.958012	0.97193	0.981446	0.987762	0.991832	0.994378	0.995924	0.996835	0.997356	0.997645	0.9978	0.997882	0.997923	0.997943	0.997953	0.997957	0.997959	0.99796	0.99796	0.997959	0.997957	0.997953	0.997943	0.997923	0.997882	0.9978	0.997645	0.997356	0.996835	0.995924	0.994378	0.991832	0.987762	0.981446	0.97193	0.958012	0.938248	0.910994	0.874501	0.827051	0.767134	0.693655	0.606138	0.504899	0.391153	0.267026	0.135456	0	
0	0.135583	0.267276	0.39152	0.505371	0.606703	0.6943	0.767846	0.827818	0.87531	0.911834	0.939111	0.958893	0.972822	0.982345	0.988667	0.99274	0.995288	0.996835	0.997746	0.998267	0.998557	0.998712	0.998794	0.998835	0.998855	0.998865	0.998869	0.998871	0.998872	0.998872	0.998871	0.998869	0.998865	0.998855	0.998835	0.998794	0.998712	0.998557	0.998267	0.997746	0.996835	0.995288	0.99274	0.988667	0.982345	0.972822	0.958893	0.939111	0.911834	0.87531	0.827818	0.767846	0.6943	0.606703	0.505371	0.39152	0.267276	0.135583	0	
0	0.135656	0.267419	0.39173	0.505642	0.607027	0.69467	0.768254	0.828256	0.875772	0.912315	0.939605	0.959396	0.973332	0.98286	0.989184	0.993259	0.995808	0.997355	0.998267	0.998788	0.999078	0.999233	0.999315	0.999356	0.999376	0.999386	0.99939	0.999392	0.999393	0.999393	0.999392	0.99939	0.999386	0.999376	0.999356	0.999315	0.999233	0.999078	0.998788	0.998267	0.997355	0.995808	0.993259	0.989184	0.98286	0.973332	0.959396	0.939605	0.912315	0.875772	0.828256	0.768254	0.69467	0.607027	0.505642	0.39173	0.267419	0.135656	0	
0	0.135696	0.267499	0.391846	0.505792	0.607207	0.694875	0.768481	0.828499	0.876029	0.912581	0.939879	0.959675	0.973614	0.983144	0.98947	0.993546	0.996095	0.997643	0.998555	0.999077	0.999366	0.999522	0.999603	0.999645	0.999665	0.999674	0.999679	0.999681	0.999681	0.999681	0.999681	0.999679	0.999674	0.999665	0.999645	0.999603	0.999522	0.999366	0.999077	0.998555	0.997643	0.996095	0.993546	0.98947	0.983144	0.973614	0.959675	0.939879	0.912581	0.876029	0.828499	0.768481	0.694875	0.607207	0.505792	0.391846	0.267499	0.135696	0	
0	0.135718	0.267542	0.391909	0.505872	0.607303	0.694985	0.768602	0.828629	0.876166	0.912723	0.940025	0.959824	0.973765	0.983296	0.989623	0.993699	0.996249	0.997797	0.998709	0.999231	0.99952	0.999676	0.999757	0.999798	0.999819	0.999828	0.999833	0.999835	0.999835	0.999835	0.999835	0.999833	0.999828	0.999819	0.999798	0.999757	0.999676	0.99952	0.999231	0.998709	0.997797	0.996249	0.993699	0.989623	0.983296	0.973765	0.959824	0.940025	0.912723	0.876166	0.828629	0.768602	0.694985	0.607303	0.505872	0.391909	0.267542	0.135718	0	
0	0.135729	0.267563	0.39194	0.505912	0.607351	0.69504	0.768662	0.828694	0.876234	0.912794	0.940098	0.959898	0.97384	0.983372	0.989699	0.993776	0.996326	0.997874	0.998786	0.999307	0.999597	0.999753	0.999834	0.999875	0.999895	0.999905	0.99991	0.999911	0.999912	0.999912	0.999911	0.99991	0.999905	0.999895	0.999875	0.999834	0.999753	0.999597	0.999307	0.998786	0.997874	0.996326	0.993776	0.989699	0.983372	0.97384	0.959898	0.940098	0.912794	0.876234	0.828694	0.768662	0.69504	0.607351	0.505912	0.39194	0.267563	0.135729	0	
0	0.135733	0.267572	0.391953	0.505929	0.607371	0.695063	0.768687	0.828721	0.876262	0.912824	0.940128	0.959929	0.973871	0.983403	0.98973	0.993807	0.996357	0.997905	0.998817	0.999339	0.999628	0.999784	0.999866	0.999907	0.999927	0.999937	0.999941	0.999943	0.999944	0.999944	0.999943	0.999941	0.999937	0.999927	0.999907	0.999866	0.999784	0.999628	0.999339	0.998817	0.997905	0.996357	0.993807	0.98973	0.983403	0.973871	0.959929	0.940128	0.912824	0.876262	0.828721	0.768687	0.695063	0.607371	0.505929	0.391953	0.267572	0.135733	0	
0	0.135733	0.267572	0.391953	0.505929	0.607371	0.695063	0.768687	0.828721	0.876262	0.912824	0.940128	0.959929	0.973871	0.983403	0.98973	0.993807	0.996357	0.997905	0.998817	0.999339	0.999628	0.999784	0.999866	0.999907	0.999927	0.999937	0.999941	0.999943	0.999944	0.999944	0.999943	0.999941	0.999937	0.999927	0.999907	0.999866	0.999784	0.999628	0.999339	0.998817	0.997905	0.996357	0.993807	0.98973	0.983403	0.973871	0.959929	0.940128	0.912824	0.876262	0.828721	0.768687	0.695063	0.607371	0.505929	0.391953	0.267572	0.135733	0	
0	0.135729	0.267563	0.39194	0.505912	0.607351	0.69504	0.768662	0.828694	0.876234	0.912794	0.940098	0.959898	0.97384	0.983372	0.989699	0.993776	0.996326	0.997874	0.998786	0.999307	0.999597	0.999753	0.999834	0.999875	0.999895	0.999905	0.99991	0.999911	0.999912	0.999912	0.999911	0.99991	0.999905	0.999895	0.999875	0.999834	0.999753	0.999597	0.999307	0.998786	0.997874	0.996326	0.993776	0.989699	0.983372	0.97384	0.959898	0.940098	0.912794	0.876234	0.828694	0.768662	0.69504	0.607351	0.505912	0.39194	0.267563	0.135729	0	
0	0.135718	0.267542	0.391909	0.505872	0.607303	0.694985	0.768602	0.828629	0.876166	0.912723	0.940025	0.959824	0.973765	0.983296	0.989623	0.993699	0.996249	0.997797	0.998709	0.999231	0.99952	0.999676	0.999757	0.999798	0.999819	0.999828	0.999833	0.999835	0.999835	0.999835	0.999835	0.999833	0.999828	0.999819	0.999798	0.999757	0.999676	0.99952	0.999231	0.998709	0.997797	0.996249	0.993699	0.989623	0.983296	0.973765	0.959824	0.940025	0.912723	0.876166	0.828629	0.768602	0.694985	0.607303	0.505872	0.391909	0.267542	0.135718	0	
0	0.135696	0.267499	0.391846	0.505792	0.607207	0.694875	0.768481	0.828499	0.876029	0.912581	0.939879	0.959675	0.973614	0.983144	0.98947	0.993546	0.996095	0.997643	0.998555	0.999077	0.999366	0.999522	0.999603	0.999645	0.999665	0.999674	0.999679	0.999681	0.999681	0.999681	0.999681	0.999679	0.999674	0.999665	0.999645	0.999603	0.999522	0.999366	0.999077	0.998555	0.997643	0.996095	0.993546	0.98947	0.983144	0.973614	0.959675	0.939879	0.912581	0.876029	0.828499	0.768481	0.694875	0.607207	0.505792	0.391846	0.267499	0.135696	0	
0	0.135656	0.267419	0.39173	0.505642	0.607027	0.69467	0.768254	0.828256	0.875772	0.912315	0.939605	0.959396	0.973332	0.98286	0.989184	0.993259	0.995808	0.997355	0.998267	0.998788	0.999078	0.999233	0.999315	0.999356	0.999376	0.999386	0.99939	0.999392	0.999393	0.999393	0.999392	0.99939	0.999386	0.999376	0.999356	0.999315	0.999233	0.999078	0.998788	0.998267	0.997355	0.995808	0.993259	0.989184	0.98286	0.973332	0.959396	0.939605	0.912315	0.875772	0.828256	0.768254	0.69467	0.607027	0.505642	0.39173	0.267419	0.135656	0	
0	0.135583	0.267276	0.39152	0.505371	0.606703	0.6943	0.767846	0.827818	0.87531	0.911834	0.939111	0.958893	0.972822	0.982345	0.988667	0.99274	0.995288	0.996835	0.997746	0.998267	0.998557	0.998712	0.998794	0.998835	0.998855	0.998865	0.998869	0.998871	0.998872	0.998872	0.998871	0.998869	0.998865	0.998855	0.998835	0.998794	0.998712	0.998557	0.998267	0.997746	0.996835	0.995288	0.99274	0.988667	0.982345	0.972822	0.958893	0.939111	0.911834	0.87531	0.827818	0.767846	0.6943	0.606703	0.505371	0.39152	0.267276	0.135583	0	
0	0.135456	0.267026	0.391153	0.504899	0.606138	0.693655	0.767134	0.827051	0.874501	0.910994	0.938248	0.958012	0.97193	0.981446	0.987762	0.991832	0.994378	0.995924	0.996835	0.997356	0.997645	0.9978	0.997882	0.997923	0.997943	0.997953	0.997957	0.997959	0.99796	0.99796	0.997959	0.997957	0.997953	0.997943	0.997923	0.997882	0.9978	0.997645	0.997356	0.996835	0.995924	0.994378	0.991832	0.987762	0.981446	0.97193	0.958012	0.938248	0.910994	0.874501	0.827051	0.767134	0.693655	0.606138	0.504899	0.391153	0.267026	0.135456	0	
0	0.135241	0.266602	0.390534	0.5041	0.60518	0.692561	0.765927	0.825753	0.873131	0.909569	0.936783	0.956519	0.970417	0.97992	0.986227	0.990292	0.992834	0.994378	0.995288	0.995808	0.996097	0.996252	0.996333	0.996375	0.996395	0.996404	0.996409	0.996411	0.996411	0.996411	0.996411	0.996409	0.996404	0.996395	0.996375	0.996333	0.996252	0.996097	0.995808	0.995288	0.994378	0.992834	0.990292	0.986227	0.97992	0.970417	0.956519	0.936783	0.909569	0.873131	0.825753	0.765927	0.692561	0.60518	0.5041	0.390534	0.266602	0.135241	0	
0	0.134888	0.265906	0.389515	0.502787	0.603606	0.690763	0.763943	0.823617	0.870877	0.907225	0.934372	0.954061	0.967926	0.977406	0.983699	0.987755	0.990292	0.991832	0.99274	0.993259	0.993547	0.993702	0.993784	0.993825	0.993845	0.993854	0.993859	0.993861	0.993861	0.993861	0.993861	0.993859	0.993854	0.993845	0.993825	0.993784	0.993702	0.993547	0.993259	0.99274	0.991832	0.990292	0.987755	0.983699	0.977406	0.967926	0.954061	0.934372	0.907225	0.870877	0.823617	0.763943	0.690763	0.603606	0.502787	0.389515	0.265906	0.134888	0	
0	0.134324	0.264796	0.387891	0.500693	0.601096	0.687894	0.760775	0.820208	0.867278	0.903481	0.930521	0.950133	0.963945	0.973389	0.979659	0.983699	0.986227	0.987762	0.988667	0.989184	0.989471	0.989626	0.989707	0.989748	0.989768	0.989777	0.989782	0.989784	0.989784	0.989784	0.989784	0.989782	0.989777	0.989768	0.989748	0.989707	0.989626	0.989471	0.989184	0.988667	0.987762	0.986227	0.983699	0.979659	0.973389	0.963945	0.950133	0.930521	0.903481	0.867278	0.820208	0.760775	0.687894	0.601096	0.500693	0.387891	0.264796	0.134324	0	
0	0.133453	0.263079	0.385377	0.497451	0.597208	0.68345	0.755867	0.814923	0.861697	0.897675	0.924548	0.94404	0.957768	0.967156	0.973389	0.977406	0.97992	0.981446	0.982346	0.98286	0.983146	0.9833	0.98338	0.983421	0.983441	0.98345	0.983455	0.983456	0.983457	0.983457	0.983456	0.983455	0.98345	0.983441	0.983421	0.98338	0.9833	0.983146	0.98286	0.982346	0.981446	0.97992	0.977406	0.973389	0.967156	0.957768	0.94404	0.924548	0.897675	0.861697	0.814923	0.755867	0.68345	0.597208	0.497451	0.385377	0.263079	0.133453	0	
0	0.132143	0.260497	0.381597	0.492576	0.59136	0.676766	0.748482	0.806971	0.853299	0.888935	0.915555	0.934865	0.948467	0.957768	0.963945	0.967926	0.970417	0.97193	0.972822	0.973333	0.973616	0.973768	0.973848	0.973888	0.973908	0.973918	0.973922	0.973924	0.973925	0.973925	0.973924	0.973922	0.973918	0.973908	0.973888	0.973848	0.973768	0.973616	0.973333	0.972822	0.97193	0.970417	0.967926	0.963945	0.957768	0.948467	0.934865	0.915555	0.888935	0.853299	0.806971	0.748482	0.676766	0.59136	0.492576	0.381597	0.260497	0.132143	0	
0	0.13023	0.256728	0.376079	0.485458	0.582822	0.667004	0.737696	0.795354	0.841026	0.876161	0.902409	0.921451	0.934865	0.94404	0.950133	0.954061	0.956519	0.958013	0.958893	0.959397	0.959676	0.959827	0.959906	0.959946	0.959965	0.959975	0.959979	0.959981	0.959981	0.959981	0.959981	0.959979	0.959975	0.959965	0.959946	0.959906	0.959827	0.959676	0.959397	0.958893	0.958013	0.956519	0.954061	0.950133	0.94404	0.934865	0.921451	0.902409	0.876161	0.841026	0.795354	0.737696	0.667004	0.582822	0.485458	0.376079	0.256728	0.13023	0	
0	0.12752	0.251387	0.368258	0.475368	0.570716	0.653159	0.722397	0.778872	0.823611	0.858032	0.88375	0.902409	0.915555	0.924548	0.930521	0.934372	0.936783	0.938248	0.939111	0.939606	0.93988	0.940028	0.940105	0.940145	0.940164	0.940173	0.940177	0.940179	0.94018	0.94018	0.940179	0.940177	0.940173	0.940164	0.940145	0.940105	0.940028	0.93988	0.939606	0.939111	0.938248	0.936783	0.934372	0.930521	0.924548	0.915555	0.902409	0.88375	0.858032	0.823611	0.778872	0.722397	0.653159	0.570716	0.475368	0.368258	0.251387	0.12752	0	
0	0.12379	0.244035	0.357492	0.461476	0.554047	0.634094	0.701323	0.756166	0.799616	0.833049	0.858032	0.876161	0.888935	0.897675	0.903481	0.907225	0.909569	0.910994	0.911834	0.912315	0.912582	0.912726	0.912802	0.91284	0.912859	0.912868	0.912872	0.912874	0.912874	0.912874	0.912874	0.912872	0.912868	0.912859	0.91284	0.912802	0.912726	0.912582	0.912315	0.911834	0.910994	0.909569	0.907225	0.903481	0.897675	0.888935	0.876161	0.858032	0.833049	0.799616	0.756166	0.701323	0.634094	0.554047	0.461476	0.357492	0.244035	0.12379	0	
0	0.118804	0.234207	0.343098	0.442902	0.531756	0.608594	0.673135	0.725789	0.76751	0.799616	0.823611	0.841026	0.853299	0.861697	0.867278	0.870877	0.873131	0.874502	0.87531	0.875773	0.87603	0.876169	0.876241	0.876278	0.876296	0.876305	0.876309	0.87631	0.876311	0.876311	0.87631	0.876309	0.876305	0.876296	0.876278	0.876241	0.876169	0.87603	0.875773	0.87531	0.874502	0.873131	0.870877	0.867278	0.861697	0.853299	0.841026	0.823611	0.799616	0.76751	0.725789	0.673135	0.608594	0.531756	0.442902	0.343098	0.234207	0.118804	0	
0	0.112329	0.221445	0.324407	0.41878	0.502805	0.575472	0.636515	0.68632	0.725789	0.756166	0.778872	0.795354	0.806971	0.814923	0.820208	0.823617	0.825753	0.827052	0.827818	0.828257	0.828501	0.828632	0.828701	0.828736	0.828753	0.828761	0.828765	0.828767	0.828767	0.828767	0.828767	0.828765	0.828761	0.828753	0.828736	0.828701	0.828632	0.828501	0.828257	0.827818	0.827052	0.825753	0.823617	0.820208	0.814923	0.806971	0.795354	0.778872	0.756166	0.725789	0.68632	0.636515	0.575472	0.502805	0.41878	0.324407	0.221445	0.112329	0	
0	0.104165	0.205351	0.300834	0.388356	0.466285	0.533686	0.59031	0.636515	0.673135	0.701323	0.722397	0.737696	0.748482	0.755867	0.760775	0.763943	0.765927	0.767134	0.767847	0.768255	0.768482	0.768604	0.768668	0.768701	0.768717	0.768725	0.768728	0.76873	0.76873	0.76873	0.76873	0.768728	0.768725	0.768717	0.768701	0.768668	0.768604	0.768482	0.768255	0.767847	0.767134	0.765927	0.763943	0.760775	0.755867	0.748482	0.737696	0.722397	0.701323	0.673135	0.636515	0.59031	0.533686	0.466285	0.388356	0.300834	0.205351	0.104165	0	
0	0.0941639	0.185637	0.271956	0.351082	0.42154	0.482483	0.533686	0.575472	0.608594	0.634094	0.653159	0.667004	0.676766	0.68345	0.687895	0.690763	0.692561	0.693655	0.6943	0.694671	0.694876	0.694988	0.695046	0.695075	0.69509	0.695097	0.6951	0.695101	0.695102	0.695102	0.695101	0.6951	0.695097	0.69509	0.695075	0.695046	0.694988	0.694876	0.694671	0.6943	0.693655	0.692561	0.690763	0.687895	0.68345	0.676766	0.667004	0.653159	0.634094	0.608594	0.575472	0.533686	0.482483	0.42154	0.351082	0.271956	0.185637	0.0941639	0	
0	0.0822641	0.162178	0.237592	0.306724	0.368287	0.42154	0.466285	0.502805	0.531756	0.554047	0.570716	0.582822	0.59136	0.597208	0.601096	0.603606	0.60518	0.606138	0.606703	0.607027	0.607208	0.607305	0.607356	0.607382	0.607395	0.607401	0.607404	0.607405	0.607405	0.607405	0.607405	0.607404	0.607401	0.607395	0.607382	0.607356	0.607305	0.607208	0.607027	0.606703	0.606138	0.60518	0.603606	0.601096	0.597208	0.59136	0.582822	0.570716	0.554047	0.531756	0.502805	0.466285	0.42154	0.368287	0.306724	0.237592	0.162178	0.0822641	0	
0	0.0685098	0.135063	0.19787	0.255449	0.306724	0.351082	0.388356	0.41878	0.442902	0.461476	0.475368	0.485458	0.492576	0.497451	0.500693	0.502787	0.5041	0.504899	0.505371	0.505642	0.505793	0.505874	0.505916	0.505938	0.505949	0.505954	0.505956	0.505957	0.505958	0.505958	0.505957	0.505956	0.505954	0.505949	0.505938	0.505916	0.505874	0.505793	0.505642	0.505371	0.504899	0.5041	0.502787	0.500693	0.497451	0.492576	0.485458	0.475368	0.461476	0.442902	0.41878	0.388356	0.351082	0.306724	0.255449	0.19787	0.135063	0.0685098	0	
0	0.0530664	0.104618	0.153269	0.19787	0.237592	0.271956	0.300834	0.324407	0.343098	0.357492	0.368258	0.376079	0.381597	0.385377	0.387891	0.389515	0.390534	0.391153	0.39152	0.39173	0.391847	0.39191	0.391943	0.39196	0.391968	0.391972	0.391974	0.391975	0.391975	0.391975	0.391975	0.391974	0.391972	0.391968	0.39196	0.391943	0.39191	0.391847	0.39173	0.39152	0.391153	0.390534	0.389515	0.387891	0.385377	0.381597	0.376079	0.368258	0.357492	0.343098	0.324407	0.300834	0.271956	0.237592	0.19787	0.153269	0.104618	0.0530664	0	
0	0.0362217	0.0714098	0.104618	0.135063	0.162178	0.185637	0.205351	0.221445	0.234207	0.244035	0.251387	0.256728	0.260497	0.263079	0.264796	0.265906	0.266602	0.267026	0.267276	0.26742	0.267499	0.267543	0.267565	0.267577	0.267583	0.267585	0.267586	0.267587	0.267587	0.267587	0.267587	0.267586	0.267585	0.267583	0.267577	0.267565	0.267543	0.267499	0.26742	0.267276	0.267026	0.266602	0.265906	0.264796	0.263079	0.260497	0.256728	0.251387	0.244035	0.234207	0.221445	0.205351	0.185637	0.162178	0.135063	0.104618	0.0714098	0.0362217	0	
0	0.018373	0.0362217	0.0530664	0.0685098	0.0822641	0.0941639	0.104165	0.112329	0.118804	0.12379	0.12752	0.13023	0.132143	0.133453	0.134324	0.134888	0.135241	0.135456	0.135583	0.135656	0.135697	0.135718	0.13573	0.135736	0.135739	0.13574	0.135741	0.135741	0.135741	0.135741	0.135741	0.135741	0.13574	0.135739	0.135736	0.13573	0.135718	0.135697	0.135656	0.135583	0.135456	0.135241	0.134888	0.134324	0.133453	0.132143	0.13023	0.12752	0.12379	0.118804	0.112329	0.104165	0.0941639	0.0822641	0.0685098	0.0530664	0.0362217	0.018373	0	
0	0	0	0	0	0	0	0	0	0	0	0	0	0	0	0	0	0	0	0	0	0	0	0	0	0	0	0	0	0	0	0	0	0	0	0	0	0	0	0	0	0	0	0	0	0	0	0	0	0	0	0	0	0	0	0	0	0	0	0	
